3
11
20
25
33
52
60
69
73
87
104
109
111
116
124
128
130
161
164
165
168
170
171
175
177
198
202
205
208
222
226
237
247
267
268
279
300
305
317
325
339
347
351
371
376
385
388
392
418
422
433
443
448
449
469
480
493
520
531
548
562
572
585
586
590
594
621
625
626
631
632
634
672
674
684
689
708
716
726
728
733
743
766
769
773
778
785
789
791
802
807
810
819
827
838
839
844
852
853
857
873
880
891
893
925
928
935
938
942
945
954
955
964
966
968
969
972
991
992
996
1003
1007
1009
1011
1016
1017
1048
1053
1067
1075
1079
1103
1112
1114
1116
1122
1126
1129
1143
1146
1147
1178
1195
1197
1202
1249
1252
1256
1263
1264
1308
1313
1319
1322
1333
1337
1358
1366
1371
1399
1402
1412
1416
1427
1442
1462
1474
1488
1492
1500
1510
1519
1525
1530
1550
1551
1562
1577
1586
1596
1604
1608
1618
1622
1627
1628
1636
1652
1655
1668
1686
1691
1704
1720
1740
1746
1759
1766
1771
1786
1790
1820
1821
1829
1834
1857
1863
1864
1870
1873
1887
1893
1906
1907
1917
1937
1951
1956
1961
1971
1973
1974
1975
1993
1994
2004
2006
2009
2014
2031
2037
2068
2083
2084
2099
2105
2111
2114
2116
2128
2138
2142
2150
2156
2163
2167
2183
2184
2192
2193
2194
2203
2213
2229
2231
2233
2238
2249
2276
2277
2280
2287
2303
2327
2335
2338
2339
2351
2361
2364
2408
2427
2432
2447
2462
2470
2476
2484
2498
2500
2515
2525
2528
2531
2534
2541
2546
2555
2566
2567
2571
2572
2584
2585
2597
2610
2616
2617
2626
2644
2662
2663
2666
2676
2678
2685
2687
2698
2703
2719
2720
2721
2730
2743
2757
2772
2783
2805
2816
2827
2830
2848
2859
2861
2872
2880
2883
2890
2907
2909
2915
2917
2927
2951
2956
2962
2981
2987
2991
2999
3008
3029
3030
3037
3039
3046
3049
3052
3060
3089
3099
3117
3124
3134
3144
3145
3148
3153
3157
3172
3205
3208
3225
3226
3228
3234
3238
3250
3253
3255
3266
3275
3281
3289
3290
3303
3331
3345
3378
3384
3386
3388
3417
3421
3439
3475
3477
3492
3494
3514
3531
3538
3544
3564
3565
3579
3591
3596
3601
3615
3634
3635
3648
3655
3661
3668
3671
3691
3692
3697
3710
3728
3731
3733
3736
3742
3755
3765
3815
3825
3832
3840
3860
3867
3888
3908
3911
3912
3919
3932
3942
3944
3957
3964
3969
3971
3978
3986
4000
4020
4028
4040
4041
4045
4047
4053
4056
4060
4062
4064
4071
4088
4113
4125
4152
4200
4201
4206
4212
4217
4219
4224
4243
4248
4254
4260
4282
4288
4305
4306
4326
4328
4341
4352
4364
4371
4384
4385
4399
4406
4424
4440
4446
4481
4491
4506
4510
4519
4534
4545
4548
4553
4558
4580
4586
4617
4631
4658
4666
4690
4719
4723
4726
4729
4733
4738
4754
4758
4762
4777
4792
4793
4797
4807
4814
4815
4845
4865
4874
4877
4882
4885
4889
4893
4896
4905
4938
4939
4944
4949
4952
4982
4996
5009
5015
5019
5041
5072
5076
5078
5081
5082
5089
5092
5102
5106
5110
5115
5130
5134
5159
5171
5172
5177
5179
5180
5181
5185
5188
5189
5195
5206
5217
5231
5234
5238
5241
5243
5263
5273
5279
5283
5292
5299
5302
5303
5319
5349
5366
5379
5383
5388
5409
5424
5427
5448
5452
5453
5471
5473
5478
5486
5488
5490
5494
5508
5515
5516
5518
5519
5536
5538
5558
5559
5560
5567
5581
5582
5585
5591
5602
5615
5618
5620
5630
5636
5643
5658
5659
5664
5665
5679
5684
5688
5712
5716
5730
5744
5747
5749
5751
5761
5784
5789
5796
5800
5809
5819
5824
5844
5856
5860
5871
5872
5884
5885
5895
5896
5905
5908
5923
5934
5960
5969
5970
6000
6002
6006
6019
6022
6023
6033
6109
6113
6126
6140
6157
6163
6169
6170
6177
6185
6189
6191
6198
6201
6205
6215
6242
6245
6250
6252
6261
6263
6272
6283
6295
6303
6310
6312
6332
6333
6336
6344
6351
6366
6386
6397
6403
6405
6414
6427
6448
6459
6465
6467
6482
6500
6522
6525
6537
6539
6550
6563
6587
6592
6596
6599
6611
6613
6614
6615
6631
6641
6644
6659
6671
6675
6710
6734
6738
6739
6759
6768
6769
6774
6790
6807
6824
6844
6857
6859
6901
6903
6919
6929
6938
6940
6942
6950
6954
6971
6980
6989
6994
7005
7008
7013
7017
7019
7048
7068
7071
7079
7096
7102
7106
7114
7123
7132
7133
7153
7163
7167
7171
7177
7181
7199
7212
7223
7224
7242
7256
7260
7262
7263
7271
7272
7276
7299
7313
7325
7329
7345
7355
7364
7370
7372
7384
7395
7401
7411
7412
7431
7439
7441
7445
7459
7475
7490
7499
7503
7514
7515
7517
7536
7541
7553
7556
7561
7567
7596
7599
7600
7608
7620
7642
7649
7651
7660
7669
7675
7679
7680
7682
7687
7690
7691
7698
7722
7724
7728
7732
7739
7746
7753
7757
7758
7788
7808
7821
7822
7825
7837
7838
7853
7862
7865
7868
7877
7878
7892
7894
7897
7902
7910
7919
7930
7941
7943
7961
7967
7971
7988
7993
