4
74
120
169
216
307
464
494
570
623
662
696
754
760
805
882
957
963
1055
1057
1080
1150
1174
1181
1241
1268
1419
1517
1564
1606
1841
1856
1886
1888
1969
2179
2345
2387
2443
2457
2494
2532
2583
2615
2623
2674
2800
2888
2977
3080
3210
3229
3242
3301
3413
3631
3688
3717
3737
3797
3807
3837
3871
3900
4074
4188
4241
4259
4262
4294
4550
4559
4619
4625
4662
4880
4892
4911
4923
4974
5004
5038
5164
5191
5277
5331
5346
5401
5416
5439
5500
5532
5542
5648
5680
5681
5731
5736
5838
5839
5874
5887
5902
5935
5947
6005
6018
6186
6217
6277
6278
6293
6300
6315
6369
6402
6449
6593
6638
6712
6788
6804
6855
6875
6902
6921
6923
6959
6970
7077
7091
7108
7151
7307
7335
7410
7416
7423
7428
7440
7484
7518
7539
7647
7692
7904
7932
7952
7969
