0	2101	2740
1	1266	558
2	327	1488
3	2156	2829
4	1517	605
5	896	1985
6	2755	2625
7	1312	630
8	122	1461
9	2400	2137
10	1861	74
11	566	1447
12	2810	2068
13	1262	536
14	27	1836
15	2785	2293
16	1132	702
17	422	1545
18	2016	2810
19	1715	589
20	9	1297
21	2322	2019
22	1286	954
23	112	1430
24	2334	2441
25	1321	618
26	268	1889
27	2639	2046
28	1765	273
29	706	1136
30	2072	2910
31	1011	320
32	714	1061
33	2399	2774
34	1973	764
35	302	1466
36	2366	2708
37	1823	521
38	450	1094
39	2089	2035
40	1187	671
41	647	1895
42	2127	2685
43	1403	908
44	368	1243
45	2866	2932
46	1126	556
47	729	1322
48	2775	2389
49	1366	874
50	785	1193
51	2087	2599
52	1401	25
53	232	1721
54	2547	2165
55	1839	465
56	331	1118
57	2984	2699
58	1733	394
59	113	1311
60	2675	2327
61	1833	2
62	203	1166
63	2805	2679
64	1085	877
65	226	1772
66	2216	2310
67	1227	241
68	485	1342
69	2028	2676
70	1261	246
71	292	1089
72	2547	2779
73	1316	897
74	227	1787
75	2052	2826
76	1150	575
77	541	1986
78	2567	2610
79	1537	945
80	839	1747
81	2271	2222
82	1421	93
83	312	1136
84	2662	2089
85	1874	493
86	720	1849
87	2898	2683
88	1130	246
89	679	1483
90	2322	2057
91	1092	369
92	5	1604
93	2293	2641
94	1571	768
95	841	1642
96	2062	2914
97	1391	920
98	393	1919
99	2890	2778
100	1871	451
101	764	1854
102	2356	2967
103	1105	199
104	941	1729
105	2306	2007
106	1426	823
107	23	1764
108	2286	2401
109	1524	194
110	988	1271
111	2921	2970
112	1421	686
113	570	1827
114	2000	2183
115	1089	835
116	864	1058
117	2135	2553
118	1048	170
119	53	1936
120	2731	2236
121	1775	192
122	852	1218
123	2622	2127
124	1579	987
125	711	1450
126	2163	2744
127	1323	777
128	895	1948
129	2526	2243
130	1998	384
131	131	1475
132	2140	2180
133	1956	507
134	150	1996
135	2361	2484
136	1937	554
137	492	1560
138	2931	2355
139	1555	913
140	240	1849
141	2581	2295
142	1738	32
143	983	1476
144	2839	2873
145	1150	597
146	861	1269
147	2378	2144
148	1682	229
149	573	1311
150	2969	2518
151	1672	443
152	294	1214
153	2063	2692
154	1276	9
155	894	1504
156	2943	2096
157	1533	518
158	503	1119
159	2139	2188
160	1656	287
161	126	1220
162	2402	2399
163	1454	386
164	837	1233
165	2088	2688
166	1632	957
167	335	1627
168	2435	2762
169	1227	595
170	661	1293
171	2076	2795
172	1491	726
173	142	1193
174	2346	2471
175	1922	184
176	341	1839
177	2825	2234
178	1979	956
179	263	1046
180	2605	2696
181	1008	170
182	456	1778
183	2260	2144
184	1510	86
185	206	1809
186	2570	2604
187	1881	925
188	590	1664
189	2019	2429
190	1620	118
191	38	1944
192	2507	2968
193	1151	37
194	489	1379
195	2546	2153
196	1327	407
197	628	1807
198	2776	2558
199	1004	177
200	381	1250
201	2327	2982
202	1712	60
203	578	1691
204	2021	2722
205	1800	593
206	443	1865
207	2972	2995
208	1597	51
209	658	1888
210	2365	2326
211	1202	285
212	177	1773
213	2766	2688
214	1343	27
215	257	1918
216	2019	2095
217	1444	259
218	637	1205
219	2884	2370
220	1784	524
221	22	1289
222	2835	2845
223	1446	716
224	180	1224
225	2474	2819
226	1992	973
227	96	1359
228	2820	2902
229	1301	496
230	464	1624
231	2922	2858
232	1035	495
233	578	1694
234	2336	2171
235	1845	457
236	876	1473
237	2643	2997
238	1031	841
239	43	1581
240	2372	2627
241	1914	970
242	159	1164
243	2028	2623
244	1550	928
245	677	1178
246	2509	2127
247	1473	340
248	599	1543
249	2932	2539
250	1393	23
251	464	1309
252	2030	2386
253	1981	777
254	257	1857
255	2164	2301
256	1766	527
257	491	1365
258	2177	2672
259	1522	697
260	702	1207
261	2446	2818
262	1128	645
263	252	1728
264	2968	2579
265	1590	182
266	513	1209
267	2194	2239
268	1877	246
269	311	1866
270	2936	2484
271	1474	104
272	927	1957
273	2764	2265
274	1106	434
275	649	1050
276	2604	2100
277	1105	875
278	151	1049
279	2311	2376
280	1560	57
281	217	1437
282	2389	2582
283	1396	475
284	856	1180
285	2711	2334
286	1364	312
287	439	1524
288	2913	2271
289	1214	105
290	286	1963
291	2712	2928
292	1228	366
293	345	1818
294	2518	2288
295	1543	238
296	150	1716
297	2624	2528
298	1275	222
299	417	1796
300	2704	2489
301	1608	713
302	707	1426
303	2812	2908
304	1177	569
305	149	1726
306	2848	2084
307	1135	211
308	996	1018
309	2156	2961
310	1071	560
311	605	1185
312	2522	2735
313	1221	548
314	545	1990
315	2669	2710
316	1978	795
317	476	1996
318	2808	2267
319	1698	768
320	577	1025
321	2790	2786
322	1733	662
323	296	1513
324	2063	2392
325	1433	913
326	813	1543
327	2319	2017
328	1145	54
329	43	1698
330	2847	2335
331	1197	522
332	411	1958
333	2236	2130
334	1833	759
335	425	1899
336	2047	2758
337	1086	863
338	602	1092
339	2800	2857
340	1433	500
341	431	1510
342	2883	2434
343	1453	446
344	33	1498
345	2583	2249
346	1096	664
347	990	1350
348	2304	2603
349	1756	907
350	83	1019
351	2682	2334
352	1499	155
353	17	1535
354	2307	2822
355	1239	532
356	646	1711
357	2614	2691
358	1988	940
359	710	1463
360	2489	2160
361	1923	112
362	816	1994
363	2550	2106
364	1408	247
365	806	1899
366	2868	2882
367	1204	77
368	714	1979
369	2426	2794
370	1148	57
371	297	1448
372	2095	2328
373	1797	198
374	969	1804
375	2922	2522
376	1599	962
377	147	1183
378	2606	2355
379	1023	89
380	681	1758
381	2654	2731
382	1859	206
383	596	1351
384	2460	2257
385	1186	408
386	302	1310
387	2028	2164
388	1467	667
389	147	1044
390	2242	2212
391	1004	271
392	6	1219
393	2226	2152
394	1609	409
395	443	1806
396	2492	2668
397	1430	625
398	132	1608
399	2587	2153
400	1490	0
401	451	1099
402	2858	2044
403	1905	42
404	459	1954
405	2263	2829
406	1683	733
407	739	1170
408	2209	2221
409	1747	314
410	50	1130
411	2347	2984
412	1481	664
413	622	1783
414	2910	2028
415	1325	865
416	236	1316
417	2077	2617
418	1757	876
419	379	1540
420	2103	2347
421	1572	876
422	689	1286
423	2197	2570
424	1554	422
425	320	1701
426	2412	2101
427	1272	716
428	250	1197
429	2431	2993
430	1323	488
431	225	1588
432	2469	2813
433	1553	387
434	725	1919
435	2985	2060
436	1556	663
437	755	1663
438	2239	2882
439	1371	426
440	866	1210
441	2228	2711
442	1935	187
443	802	1241
444	2415	2687
445	1902	94
446	861	1304
447	2565	2918
448	1875	273
449	589	1991
450	2738	2618
451	1793	311
452	578	1286
453	2628	2414
454	1866	783
455	815	1208
456	2205	2086
457	1870	664
458	152	1016
459	2531	2739
460	1693	699
461	449	1853
462	2901	2767
463	1675	344
464	141	1507
465	2017	2239
466	1115	149
467	317	1561
468	2137	2381
469	1065	476
470	60	1132
471	2086	2933
472	1920	540
473	311	1249
474	2277	2729
475	1658	551
476	823	1882
477	2769	2475
478	1032	430
479	984	1777
480	2639	2587
481	1264	289
482	242	1120
483	2530	2719
484	1027	960
485	882	1199
486	2721	2639
487	1607	765
488	570	1726
489	2657	2797
490	1742	84
491	570	1990
492	2940	2908
493	1166	463
494	239	1761
495	2626	2137
496	1248	889
497	669	1069
498	2167	2315
499	1510	949
500	445	1173
501	2556	2518
502	1013	888
503	699	1978
504	2935	2630
505	1284	292
506	339	1255
507	2562	2201
508	1201	618
509	694	1475
510	2788	2369
511	1274	776
512	569	1355
513	2070	2048
514	1054	48
515	176	1256
516	2052	2022
517	1825	318
518	981	1342
519	2423	2374
520	1281	964
521	976	1635
522	2999	2379
523	1341	766
524	637	1765
525	2485	2948
526	1414	106
527	32	1829
528	2147	2622
529	1450	753
530	226	1552
531	2139	2063
532	1900	1
533	75	1306
534	2187	2115
535	1763	393
536	369	1764
537	2614	2582
538	1975	880
539	179	1304
540	2114	2100
541	1600	35
542	543	1099
543	2817	2003
544	1923	468
545	515	1236
546	2043	2682
547	1114	925
548	475	1859
549	2611	2083
550	1879	18
551	874	1159
552	2339	2880
553	1321	592
554	284	1456
555	2264	2019
556	1455	547
557	4	1592
558	2647	2690
559	1854	528
560	37	1882
561	2161	2561
562	1373	552
563	578	1754
564	2494	2171
565	1536	256
566	629	1083
567	2815	2476
568	1784	957
569	19	1129
570	2777	2328
571	1577	893
572	246	1709
573	2345	2107
574	1800	841
575	796	1560
576	2888	2212
577	1596	268
578	362	1827
579	2203	2795
580	1960	452
581	41	1117
582	2768	2384
583	1774	103
584	261	1998
585	2356	2909
586	1389	428
587	986	1196
588	2371	2945
589	1682	81
590	196	1878
591	2177	2858
592	1910	2
593	835	1279
594	2195	2290
595	1655	109
596	561	1550
597	2385	2747
598	1005	873
599	30	1408
600	2560	2897
601	1671	885
602	871	1678
603	2890	2794
604	1678	934
605	45	1552
606	2689	2863
607	1432	629
608	926	1543
609	2008	2092
610	1919	853
611	698	1667
612	2375	2481
613	1187	431
614	3	1090
615	2530	2962
616	1237	911
617	734	1997
618	2705	2668
619	1121	879
620	864	1827
621	2069	2091
622	1805	603
623	260	1770
624	2119	2379
625	1912	990
626	601	1943
627	2354	2987
628	1101	636
629	99	1733
630	2735	2728
631	1048	207
632	413	1572
633	2017	2604
634	1599	909
635	395	1237
636	2832	2918
637	1039	866
638	269	1432
639	2109	2735
640	1427	228
641	267	1492
642	2211	2103
643	1327	583
644	166	1606
645	2325	2913
646	1813	179
647	306	1664
648	2088	2284
649	1796	411
650	143	1487
651	2139	2676
652	1716	241
653	508	1371
654	2037	2876
655	1208	572
656	159	1197
657	2800	2532
658	1332	431
659	832	1375
660	2344	2710
661	1618	302
662	556	1508
663	2154	2082
664	1463	596
665	458	1648
666	2174	2809
667	1676	94
668	459	1372
669	2116	2922
670	1432	231
671	129	1275
672	2567	2162
673	1364	552
674	920	1348
675	2496	2544
676	1718	115
677	731	1229
678	2039	2120
679	1467	369
680	841	1171
681	2664	2027
682	1928	460
683	249	1607
684	2328	2511
685	1395	999
686	909	1542
687	2112	2054
688	1511	68
689	35	1660
690	2316	2848
691	1236	716
692	930	1353
693	2381	2090
694	1154	440
695	172	1366
696	2453	2649
697	1585	207
698	122	1545
699	2258	2429
700	1573	307
701	178	1025
702	2268	2906
703	1113	99
704	580	1366
705	2261	2351
706	1664	201
707	337	1303
708	2332	2730
709	1951	306
710	153	1612
711	2412	2305
712	1955	969
713	501	1850
714	2645	2068
715	1565	523
716	771	1722
717	2000	2977
718	1743	558
719	289	1194
720	2620	2660
721	1683	232
722	98	1253
723	2629	2501
724	1206	336
725	170	1312
726	2169	2359
727	1731	135
728	747	1049
729	2533	2016
730	1882	433
731	475	1598
732	2296	2182
733	1388	222
734	886	1293
735	2376	2320
736	1106	622
737	421	1807
738	2970	2625
739	1281	796
740	319	1730
741	2281	2891
742	1398	649
743	593	1916
744	2342	2937
745	1380	292
746	266	1033
747	2134	2472
748	1700	835
749	526	1881
750	2088	2910
751	1701	451
752	734	1991
753	2043	2528
754	1864	112
755	693	1905
756	2622	2255
757	1224	821
758	704	1934
759	2501	2255
760	1726	738
761	125	1933
762	2055	2331
763	1194	761
764	244	1447
765	2551	2744
766	1033	688
767	773	1749
768	2423	2462
769	1297	348
770	942	1086
771	2782	2714
772	1090	866
773	262	1489
774	2160	2850
775	1894	433
776	328	1917
777	2198	2458
778	1123	904
779	499	1067
780	2094	2166
781	1382	207
782	985	1764
783	2570	2000
784	1145	98
785	691	1404
786	2862	2333
787	1311	759
788	60	1570
789	2775	2948
790	1283	359
791	383	1773
792	2553	2339
793	1332	295
794	344	1378
795	2325	2687
796	1747	599
797	308	1508
798	2166	2382
799	1958	322
800	902	1126
801	2861	2770
802	1443	916
803	173	1764
804	2668	2471
805	1864	944
806	84	1574
807	2200	2362
808	1111	452
809	663	1978
810	2249	2350
811	1530	488
812	683	1461
813	2204	2120
814	1194	284
815	366	1198
816	2704	2203
817	1831	304
818	598	1686
819	2689	2372
820	1030	550
821	484	1742
822	2337	2078
823	1086	832
824	137	1311
825	2211	2675
826	1247	825
827	832	1628
828	2254	2934
829	1375	388
830	951	1983
831	2300	2091
832	1317	240
833	971	1906
834	2925	2727
835	1599	347
836	557	1306
837	2098	2217
838	1513	73
839	115	1309
840	2547	2395
841	1388	580
842	872	1214
843	2814	2736
844	1561	500
845	526	1432
846	2953	2356
847	1608	360
848	887	1890
849	2943	2687
850	1088	483
851	14	1006
852	2605	2087
853	1973	860
854	683	1770
855	2050	2330
856	1996	888
857	204	1343
858	2505	2302
859	1019	385
860	477	1314
861	2147	2136
862	1364	7
863	989	1983
864	2730	2315
865	1515	894
866	416	1915
867	2174	2111
868	1269	374
869	897	1739
870	2453	2829
871	1565	613
872	562	1259
873	2834	2281
874	1042	691
875	662	1935
876	2036	2267
877	1234	841
878	156	1850
879	2412	2646
880	1248	422
881	168	1338
882	2891	2567
883	1767	463
884	717	1258
885	2459	2292
886	1846	42
887	294	1051
888	2750	2947
889	1021	666
890	221	1975
891	2927	2736
892	1601	176
893	755	1105
894	2205	2126
895	1839	727
896	733	1031
897	2361	2727
898	1381	340
899	673	1726
900	2934	2463
901	1645	777
902	32	1599
903	2027	2691
904	1482	122
905	353	1524
906	2032	2170
907	1095	281
908	400	1374
909	2217	2184
910	1937	911
911	489	1023
912	2983	2865
913	1536	702
914	515	1150
915	2789	2035
916	1810	788
917	286	1795
918	2824	2705
919	1842	239
920	245	1500
921	2828	2428
922	1517	845
923	211	1617
924	2577	2629
925	1655	948
926	30	1601
927	2108	2520
928	1100	199
929	313	1054
930	2359	2180
931	1199	51
932	570	1875
933	2202	2307
934	1722	565
935	734	1508
936	2210	2298
937	1892	228
938	427	1061
939	2719	2350
940	1172	170
941	15	1654
942	2098	2073
943	1098	969
944	444	1174
945	2819	2175
946	1643	348
947	817	1375
948	2538	2449
949	1932	672
950	998	1305
951	2505	2539
952	1527	729
953	42	1803
954	2008	2450
955	1129	800
956	627	1760
957	2289	2517
958	1817	213
959	549	1467
960	2109	2240
961	1254	97
962	486	1573
963	2818	2227
964	1205	667
965	48	1464
966	2445	2757
967	1538	740
968	563	1477
969	2369	2539
970	1449	99
971	517	1723
972	2895	2664
973	1340	92
974	142	1326
975	2145	2185
976	1802	942
977	292	1322
978	2027	2894
979	1074	633
980	232	1595
981	2147	2570
982	1713	110
983	494	1060
984	2205	2068
985	1678	213
986	786	1085
987	2268	2204
988	1222	328
989	329	1660
990	2187	2580
991	1657	195
992	830	1194
993	2714	2048
994	1916	728
995	52	1122
996	2940	2473
997	1951	747
998	179	1566
999	2376	2637
1000	1759	606
1001	762	1859
1002	2504	2807
1003	1575	29
1004	576	1418
1005	2783	2250
1006	1555	472
1007	195	1757
1008	2661	2439
1009	1287	682
1010	467	1742
1011	2461	2940
1012	1932	70
1013	373	1096
1014	2426	2166
1015	1407	153
1016	204	1398
1017	2947	2223
1018	1045	257
1019	640	1670
1020	2638	2498
1021	1300	310
1022	741	1214
1023	2008	2231
1024	1489	994
1025	832	1179
1026	2207	2722
1027	1618	91
1028	303	1072
1029	2322	2241
1030	1556	807
1031	330	1925
1032	2290	2534
1033	1536	288
1034	641	1149
1035	2025	2472
1036	1306	71
1037	380	1526
1038	2394	2506
1039	1044	873
1040	245	1716
1041	2610	2144
1042	1802	688
1043	795	1119
1044	2329	2354
1045	1656	163
1046	873	1943
1047	2146	2890
1048	1825	545
1049	187	1119
1050	2785	2846
1051	1145	335
1052	628	1235
1053	2027	2446
1054	1055	496
1055	305	1982
1056	2349	2797
1057	1571	999
1058	834	1194
1059	2892	2579
1060	1154	608
1061	538	1829
1062	2848	2393
1063	1391	985
1064	476	1814
1065	2808	2782
1066	1562	214
1067	265	1435
1068	2382	2254
1069	1289	377
1070	807	1061
1071	2950	2975
1072	1576	947
1073	481	1537
1074	2204	2972
1075	1118	521
1076	272	1470
1077	2266	2133
1078	1175	907
1079	758	1205
1080	2749	2405
1081	1213	265
1082	458	1855
1083	2175	2405
1084	1086	705
1085	929	1880
1086	2680	2721
1087	1673	472
1088	161	1553
1089	2927	2897
1090	1925	622
1091	392	1262
1092	2326	2064
1093	1147	570
1094	922	1666
1095	2286	2716
1096	1225	431
1097	344	1067
1098	2243	2612
1099	1156	384
1100	894	1602
1101	2270	2356
1102	1381	457
1103	452	1617
1104	2268	2673
1105	1334	33
1106	189	1947
1107	2448	2304
1108	1583	269
1109	210	1306
1110	2112	2164
1111	1044	37
1112	312	1902
1113	2913	2426
1114	1790	400
1115	918	1430
1116	2793	2209
1117	1697	307
1118	202	1989
1119	2328	2938
1120	1653	26
1121	568	1129
1122	2010	2463
1123	1156	637
1124	38	1988
1125	2836	2687
1126	1035	372
1127	654	1158
1128	2947	2628
1129	1994	691
1130	81	1553
1131	2611	2884
1132	1802	673
1133	719	1401
1134	2467	2794
1135	1160	522
1136	139	1253
1137	2944	2631
1138	1603	812
1139	713	1924
1140	2520	2741
1141	1266	421
1142	932	1935
1143	2140	2997
1144	1136	667
1145	310	1158
1146	2309	2996
1147	1983	548
1148	904	1917
1149	2171	2211
1150	1899	321
1151	575	1228
1152	2811	2159
1153	1290	739
1154	397	1484
1155	2498	2909
1156	1108	265
1157	964	1959
1158	2692	2032
1159	1374	713
1160	802	1407
1161	2184	2083
1162	1886	450
1163	742	1916
1164	2012	2788
1165	1898	115
1166	309	1450
1167	2335	2284
1168	1876	468
1169	76	1024
1170	2549	2993
1171	1244	611
1172	269	1652
1173	2286	2964
1174	1439	340
1175	614	1872
1176	2704	2072
1177	1511	53
1178	917	1855
1179	2376	2224
1180	1139	681
1181	31	1681
1182	2114	2752
1183	1835	946
1184	79	1739
1185	2294	2485
1186	1726	52
1187	451	1598
1188	2472	2239
1189	1738	12
1190	12	1784
1191	2176	2487
1192	1255	947
1193	309	1429
1194	2390	2938
1195	1907	828
1196	866	1281
1197	2172	2478
1198	1568	519
1199	883	1871
1200	2765	2196
1201	1912	303
1202	121	1830
1203	2461	2134
1204	1468	588
1205	309	1446
1206	2555	2555
1207	1785	26
1208	856	1703
1209	2678	2289
1210	1926	134
1211	443	1039
1212	2600	2888
1213	1439	650
1214	131	1050
1215	2397	2292
1216	1093	735
1217	453	1613
1218	2611	2246
1219	1118	690
1220	570	1467
1221	2126	2741
1222	1367	281
1223	190	1231
1224	2396	2614
1225	1622	98
1226	595	1009
1227	2289	2872
1228	1577	920
1229	524	1664
1230	2500	2543
1231	1740	811
1232	817	1681
1233	2670	2004
1234	1122	627
1235	245	1697
1236	2332	2533
1237	1486	496
1238	688	1211
1239	2752	2194
1240	1820	406
1241	315	1636
1242	2999	2623
1243	1850	490
1244	844	1707
1245	2365	2081
1246	1148	349
1247	234	1965
1248	2351	2668
1249	1688	905
1250	653	1134
1251	2650	2154
1252	1376	280
1253	520	1772
1254	2672	2220
1255	1435	333
1256	119	1513
1257	2457	2316
1258	1346	578
1259	189	1467
1260	2535	2068
1261	1435	428
1262	888	1120
1263	2796	2757
1264	1948	713
1265	972	1921
1266	2870	2850
1267	1039	791
1268	730	1719
1269	2939	2180
1270	1086	986
1271	463	1269
1272	2970	2266
1273	1285	806
1274	921	1493
1275	2914	2832
1276	1243	226
1277	854	1206
1278	2164	2777
1279	1150	366
1280	208	1969
1281	2860	2811
1282	1786	931
1283	856	1576
1284	2165	2455
1285	1618	441
1286	22	1961
1287	2923	2443
1288	1880	845
1289	637	1925
1290	2732	2883
1291	1033	958
1292	803	1825
1293	2073	2026
1294	1827	706
1295	620	1109
1296	2198	2498
1297	1926	111
1298	756	1651
1299	2723	2273
1300	1874	711
1301	91	1450
1302	2411	2499
1303	1208	81
1304	169	1428
1305	2853	2641
1306	1389	578
1307	403	1410
1308	2514	2891
1309	1605	763
1310	206	1809
1311	2290	2203
1312	1378	312
1313	580	1306
1314	2827	2365
1315	1379	621
1316	930	1366
1317	2552	2444
1318	1714	485
1319	73	1644
1320	2917	2808
1321	1120	223
1322	268	1344
1323	2620	2282
1324	1436	655
1325	750	1358
1326	2081	2094
1327	1158	462
1328	731	1540
1329	2850	2808
1330	1096	286
1331	543	1947
1332	2482	2674
1333	1197	235
1334	74	1175
1335	2368	2267
1336	1692	324
1337	981	1228
1338	2871	2526
1339	1822	122
1340	134	1296
1341	2524	2320
1342	1065	123
1343	263	1189
1344	2463	2346
1345	1907	752
1346	455	1210
1347	2232	2704
1348	1988	979
1349	732	1190
1350	2836	2808
1351	1717	920
1352	657	1669
1353	2869	2494
1354	1953	126
1355	704	1585
1356	2211	2994
1357	1391	848
1358	251	1534
1359	2336	2715
1360	1541	306
1361	342	1148
1362	2737	2433
1363	1732	540
1364	143	1442
1365	2739	2952
1366	1651	795
1367	149	1803
1368	2005	2821
1369	1927	706
1370	577	1222
1371	2564	2091
1372	1418	407
1373	962	1394
1374	2739	2236
1375	1786	137
1376	145	1884
1377	2142	2688
1378	1648	330
1379	765	1509
1380	2550	2157
1381	1570	745
1382	826	1140
1383	2218	2402
1384	1957	346
1385	732	1509
1386	2708	2193
1387	1279	72
1388	239	1461
1389	2950	2809
1390	1894	676
1391	347	1645
1392	2549	2340
1393	1912	888
1394	613	1050
1395	2956	2284
1396	1849	868
1397	579	1301
1398	2945	2678
1399	1208	502
1400	719	1387
1401	2477	2255
1402	1405	336
1403	124	1269
1404	2960	2982
1405	1094	613
1406	731	1562
1407	2094	2619
1408	1097	659
1409	399	1011
1410	2302	2788
1411	1431	196
1412	535	1014
1413	2229	2859
1414	1828	705
1415	652	1015
1416	2094	2261
1417	1948	437
1418	74	1669
1419	2425	2990
1420	1264	373
1421	45	1873
1422	2249	2919
1423	1351	167
1424	49	1719
1425	2041	2022
1426	1782	458
1427	997	1147
1428	2482	2778
1429	1153	140
1430	159	1884
1431	2180	2004
1432	1273	502
1433	812	1259
1434	2253	2055
1435	1341	975
1436	449	1858
1437	2573	2620
1438	1134	703
1439	702	1351
1440	2571	2020
1441	1428	593
1442	13	1805
1443	2953	2331
1444	1819	40
1445	969	1577
1446	2471	2454
1447	1565	144
1448	906	1369
1449	2602	2560
1450	1503	358
1451	246	1283
1452	2220	2035
1453	1948	449
1454	510	1163
1455	2530	2188
1456	1732	298
1457	852	1900
1458	2270	2279
1459	1253	805
1460	67	1245
1461	2316	2784
1462	1767	913
1463	241	1653
1464	2621	2677
1465	1784	703
1466	513	1573
1467	2214	2237
1468	1111	978
1469	256	1549
1470	2114	2539
1471	1852	333
1472	275	1598
1473	2971	2454
1474	1713	661
1475	80	1929
1476	2725	2261
1477	1280	727
1478	480	1434
1479	2722	2577
1480	1096	576
1481	756	1461
1482	2474	2132
1483	1264	417
1484	67	1143
1485	2458	2742
1486	1913	669
1487	147	1692
1488	2332	2417
1489	1017	753
1490	725	1810
1491	2449	2739
1492	1384	98
1493	177	1076
1494	2290	2306
1495	1620	248
1496	884	1164
1497	2247	2728
1498	1879	457
1499	679	1274
1500	2588	2805
1501	1766	564
1502	174	1059
1503	2177	2694
1504	1224	376
1505	483	1379
1506	2260	2606
1507	1362	877
1508	495	1308
1509	2235	2830
1510	1501	605
1511	598	1109
1512	2222	2512
1513	1971	181
1514	376	1968
1515	2808	2667
1516	1983	181
1517	982	1362
1518	2070	2567
1519	1379	551
1520	754	1316
1521	2351	2917
1522	1094	341
1523	236	1970
1524	2729	2712
1525	1389	922
1526	596	1810
1527	2533	2332
1528	1072	133
1529	695	1004
1530	2372	2264
1531	1479	644
1532	731	1733
1533	2031	2486
1534	1282	673
1535	475	1815
1536	2750	2041
1537	1613	173
1538	227	1672
1539	2403	2469
1540	1598	930
1541	772	1863
1542	2711	2069
1543	1490	411
1544	908	1028
1545	2914	2184
1546	1307	642
1547	383	1869
1548	2579	2947
1549	1878	687
1550	677	1140
1551	2606	2676
1552	1929	533
1553	550	1858
1554	2319	2931
1555	1898	711
1556	466	1882
1557	2866	2111
1558	1568	39
1559	370	1734
1560	2430	2344
1561	1212	458
1562	38	1626
1563	2927	2011
1564	1554	475
1565	947	1362
1566	2794	2685
1567	1153	615
1568	481	1644
1569	2155	2842
1570	1775	58
1571	702	1098
1572	2058	2351
1573	1424	4
1574	333	1793
1575	2860	2635
1576	1117	68
1577	997	1435
1578	2268	2576
1579	1365	537
1580	92	1897
1581	2675	2813
1582	1519	353
1583	207	1988
1584	2440	2806
1585	1791	586
1586	649	1968
1587	2903	2054
1588	1910	327
1589	92	1006
1590	2571	2441
1591	1011	343
1592	430	1174
1593	2076	2758
1594	1981	884
1595	223	1512
1596	2097	2730
1597	1365	514
1598	938	1333
1599	2536	2731
1600	1698	815
1601	992	1232
1602	2512	2987
1603	1617	530
1604	619	1769
1605	2218	2936
1606	1673	125
1607	533	1099
1608	2783	2888
1609	1732	184
1610	562	1148
1611	2431	2031
1612	1600	534
1613	376	1692
1614	2113	2197
1615	1002	649
1616	625	1123
1617	2981	2735
1618	1173	50
1619	20	1865
1620	2509	2487
1621	1234	438
1622	358	1530
1623	2864	2162
1624	1549	665
1625	237	1914
1626	2220	2261
1627	1890	649
1628	618	1323
1629	2323	2759
1630	1003	649
1631	715	1610
1632	2963	2361
1633	1706	922
1634	54	1292
1635	2510	2141
1636	1916	593
1637	290	1644
1638	2708	2752
1639	1622	102
1640	347	1231
1641	2642	2877
1642	1255	852
1643	41	1364
1644	2535	2301
1645	1318	481
1646	657	1846
1647	2907	2482
1648	1903	704
1649	664	1738
1650	2194	2848
1651	1374	839
1652	67	1211
1653	2107	2406
1654	1986	30
1655	695	1834
1656	2286	2490
1657	1530	533
1658	976	1648
1659	2750	2300
1660	1506	582
1661	820	1379
1662	2478	2673
1663	1773	732
1664	899	1116
1665	2121	2411
1666	1041	697
1667	76	1180
1668	2409	2318
1669	1745	815
1670	390	1489
1671	2367	2626
1672	1948	206
1673	776	1425
1674	2652	2641
1675	1041	814
1676	408	1962
1677	2333	2513
1678	1113	478
1679	668	1217
1680	2454	2600
1681	1703	219
1682	718	1606
1683	2851	2849
1684	1883	823
1685	921	1676
1686	2501	2308
1687	1870	593
1688	993	1941
1689	2175	2993
1690	1711	859
1691	889	1383
1692	2234	2972
1693	1099	349
1694	362	1360
1695	2378	2810
1696	1061	238
1697	530	1729
1698	2717	2009
1699	1426	596
1700	341	1781
1701	2557	2432
1702	1200	412
1703	579	1706
1704	2190	2539
1705	1308	585
1706	158	1353
1707	2781	2209
1708	1384	747
1709	201	1205
1710	2639	2619
1711	1202	220
1712	370	1234
1713	2288	2076
1714	1787	757
1715	478	1956
1716	2175	2886
1717	1478	862
1718	704	1877
1719	2151	2073
1720	1691	800
1721	754	1983
1722	2467	2901
1723	1534	39
1724	531	1883
1725	2675	2328
1726	1390	444
1727	425	1713
1728	2730	2670
1729	1821	861
1730	127	1899
1731	2796	2561
1732	1885	791
1733	571	1991
1734	2670	2301
1735	1217	57
1736	548	1820
1737	2554	2280
1738	1402	988
1739	17	1488
1740	2689	2468
1741	1503	291
1742	540	1867
1743	2305	2086
1744	1673	464
1745	946	1875
1746	2492	2763
1747	1431	64
1748	865	1122
1749	2050	2105
1750	1976	700
1751	763	1602
1752	2705	2978
1753	1815	634
1754	828	1133
1755	2219	2996
1756	1162	796
1757	292	1802
1758	2693	2212
1759	1542	205
1760	401	1956
1761	2229	2368
1762	1673	909
1763	146	1842
1764	2733	2575
1765	1033	360
1766	972	1657
1767	2472	2038
1768	1897	204
1769	876	1356
1770	2361	2864
1771	1061	241
1772	105	1851
1773	2737	2917
1774	1978	773
1775	72	1781
1776	2627	2166
1777	1680	662
1778	875	1956
1779	2459	2238
1780	1504	199
1781	659	1348
1782	2253	2251
1783	1318	559
1784	622	1341
1785	2017	2367
1786	1790	589
1787	159	1906
1788	2931	2766
1789	1889	295
1790	479	1851
1791	2680	2987
1792	1942	670
1793	566	1049
1794	2805	2111
1795	1402	31
1796	509	1729
1797	2398	2355
1798	1890	871
1799	50	1629
1800	2506	2565
1801	1608	36
1802	226	1848
1803	2373	2541
1804	1803	42
1805	342	1533
1806	2938	2000
1807	1079	99
1808	260	1063
1809	2860	2002
1810	1087	932
1811	437	1997
1812	2903	2057
1813	1693	489
1814	758	1437
1815	2993	2791
1816	1905	120
1817	130	1102
1818	2206	2863
1819	1091	77
1820	586	1300
1821	2891	2916
1822	1094	314
1823	108	1560
1824	2237	2178
1825	1977	193
1826	106	1810
1827	2947	2089
1828	1658	704
1829	347	1484
1830	2734	2244
1831	1435	983
1832	706	1839
1833	2552	2038
1834	1171	441
1835	484	1109
1836	2473	2814
1837	1414	187
1838	526	1904
1839	2556	2888
1840	1212	836
1841	616	1782
1842	2849	2211
1843	1808	541
1844	625	1038
1845	2484	2430
1846	1638	406
1847	802	1943
1848	2087	2033
1849	1644	107
1850	364	1018
1851	2478	2191
1852	1574	634
1853	668	1225
1854	2323	2217
1855	1315	315
1856	910	1207
1857	2146	2196
1858	1126	165
1859	392	1470
1860	2492	2155
1861	1615	675
1862	617	1643
1863	2924	2821
1864	1271	996
1865	648	1342
1866	2279	2491
1867	1770	222
1868	280	1075
1869	2540	2095
1870	1669	121
1871	832	1561
1872	2735	2274
1873	1768	180
1874	285	1955
1875	2722	2643
1876	1356	201
1877	161	1598
1878	2810	2484
1879	1437	886
1880	66	1434
1881	2626	2979
1882	1127	708
1883	373	1591
1884	2509	2918
1885	1911	407
1886	362	1982
1887	2864	2576
1888	1884	748
1889	415	1493
1890	2265	2460
1891	1734	16
1892	991	1796
1893	2283	2719
1894	1756	704
1895	254	1464
1896	2077	2930
1897	1459	640
1898	376	1806
1899	2450	2033
1900	1158	776
1901	659	1179
1902	2692	2322
1903	1466	101
1904	625	1070
1905	2778	2246
1906	1923	653
1907	16	1028
1908	2637	2032
1909	1974	868
1910	533	1009
1911	2777	2019
1912	1722	42
1913	695	1152
1914	2774	2953
1915	1881	997
1916	816	1657
1917	2409	2580
1918	1961	424
1919	771	1207
1920	2875	2657
1921	1511	136
1922	158	1531
1923	2238	2317
1924	1125	603
1925	468	1725
1926	2682	2583
1927	1088	944
1928	549	1992
1929	2796	2456
1930	1044	92
1931	718	1162
1932	2485	2167
1933	1984	915
1934	38	1068
1935	2659	2401
1936	1183	942
1937	805	1173
1938	2354	2346
1939	1477	623
1940	275	1776
1941	2368	2092
1942	1406	872
1943	200	1798
1944	2390	2573
1945	1757	852
1946	392	1519
1947	2399	2261
1948	1534	704
1949	626	1239
1950	2863	2727
1951	1059	679
1952	641	1874
1953	2771	2180
1954	1950	302
1955	623	1610
1956	2934	2381
1957	1799	83
1958	467	1341
1959	2837	2979
1960	1819	930
1961	995	1282
1962	2775	2133
1963	1969	254
1964	51	1465
1965	2133	2924
1966	1680	947
1967	623	1854
1968	2452	2128
1969	1151	301
1970	718	1799
1971	2546	2467
1972	1481	433
1973	83	1348
1974	2444	2647
1975	1998	683
1976	35	1726
1977	2069	2849
1978	1506	310
1979	695	1244
1980	2074	2170
1981	1760	659
1982	444	1196
1983	2403	2553
1984	1239	218
1985	623	1746
1986	2229	2832
1987	1971	675
1988	868	1319
1989	2208	2528
1990	1929	899
1991	495	1545
1992	2410	2906
1993	1608	313
1994	393	1293
1995	2550	2807
1996	1425	623
1997	699	1515
1998	2020	2253
1999	1134	53
2000	269	1023
2001	2471	2161
2002	1698	438
2003	743	1800
2004	2611	2789
2005	1307	373
2006	682	1475
2007	2160	2547
2008	1979	74
2009	399	1510
2010	2968	2332
2011	1370	347
2012	754	1110
2013	2336	2231
2014	1996	141
2015	937	1239
2016	2031	2264
2017	1008	737
2018	477	1617
2019	2355	2647
2020	1724	446
2021	446	1483
2022	2423	2889
2023	1790	361
2024	879	1815
2025	2398	2595
2026	1777	221
2027	208	1627
2028	2782	2167
2029	1233	270
2030	973	1761
2031	2282	2234
2032	1454	174
2033	363	1770
2034	2013	2493
2035	1953	666
2036	371	1992
2037	2751	2942
2038	1405	2
2039	479	1513
2040	2215	2672
2041	1190	166
2042	842	1456
2043	2589	2921
2044	1460	265
2045	802	1348
2046	2696	2919
2047	1000	606
2048	377	1734
2049	2106	2184
2050	1724	275
2051	408	1158
2052	2777	2303
2053	1435	554
2054	171	1930
2055	2236	2943
2056	1633	897
2057	711	1780
2058	2842	2787
2059	1854	811
2060	493	1092
2061	2714	2378
2062	1981	913
2063	956	1506
2064	2199	2300
2065	1134	378
2066	943	1592
2067	2085	2702
2068	1316	608
2069	587	1303
2070	2744	2539
2071	1200	152
2072	482	1559
2073	2955	2880
2074	1862	110
2075	154	1078
2076	2079	2482
2077	1494	762
2078	862	1928
2079	2510	2490
2080	1650	773
2081	148	1050
2082	2634	2639
2083	1123	381
2084	46	1720
2085	2521	2791
2086	1044	413
2087	416	1213
2088	2708	2097
2089	1132	942
2090	914	1443
2091	2193	2738
2092	1586	294
2093	726	1861
2094	2681	2034
2095	1281	231
2096	792	1409
2097	2855	2489
2098	1677	36
2099	892	1407
2100	2595	2886
2101	1831	299
2102	331	1870
2103	2352	2074
2104	1783	461
2105	210	1709
2106	2412	2578
2107	1225	535
2108	998	1793
2109	2385	2657
2110	1974	341
2111	129	1082
2112	2253	2104
2113	1717	971
2114	458	1704
2115	2030	2931
2116	1988	991
2117	227	1318
2118	2970	2042
2119	1069	667
2120	172	1053
2121	2505	2135
2122	1997	410
2123	96	1593
2124	2018	2415
2125	1610	70
2126	177	1458
2127	2896	2329
2128	1392	240
2129	274	1639
2130	2087	2246
2131	1764	837
2132	16	1810
2133	2897	2786
2134	1066	186
2135	62	1333
2136	2535	2359
2137	1288	187
2138	979	1429
2139	2683	2696
2140	1999	867
2141	218	1322
2142	2040	2765
2143	1960	485
2144	859	1904
2145	2708	2546
2146	1919	796
2147	626	1861
2148	2805	2644
2149	1594	240
2150	208	1193
2151	2170	2748
2152	1029	871
2153	899	1030
2154	2631	2880
2155	1917	962
2156	28	1785
2157	2220	2930
2158	1976	701
2159	137	1658
2160	2498	2380
2161	1737	482
2162	292	1770
2163	2150	2048
2164	1619	32
2165	131	1060
2166	2114	2688
2167	1469	540
2168	549	1007
2169	2941	2674
2170	1706	327
2171	918	1913
2172	2179	2965
2173	1709	464
2174	637	1090
2175	2962	2888
2176	1695	866
2177	94	1620
2178	2440	2676
2179	1297	137
2180	873	1519
2181	2398	2274
2182	1449	343
2183	76	1408
2184	2393	2321
2185	1296	22
2186	786	1553
2187	2353	2376
2188	1201	636
2189	150	1052
2190	2755	2011
2191	1282	700
2192	300	1887
2193	2520	2134
2194	1571	660
2195	299	1686
2196	2878	2855
2197	1538	696
2198	934	1625
2199	2440	2019
2200	1693	92
2201	714	1682
2202	2171	2571
2203	1015	776
2204	795	1209
2205	2539	2817
2206	1696	171
2207	107	1941
2208	2348	2548
2209	1176	169
2210	533	1945
2211	2402	2002
2212	1977	483
2213	765	1993
2214	2587	2137
2215	1087	940
2216	620	1405
2217	2340	2174
2218	1907	290
2219	71	1087
2220	2604	2087
2221	1474	948
2222	716	1367
2223	2892	2025
2224	1701	960
2225	853	1509
2226	2740	2624
2227	1278	95
2228	340	1751
2229	2416	2606
2230	1772	882
2231	513	1133
2232	2989	2465
2233	1065	675
2234	418	1067
2235	2410	2560
2236	1065	460
2237	687	1678
2238	2104	2747
2239	1211	544
2240	734	1355
2241	2431	2243
2242	1711	775
2243	87	1850
2244	2241	2500
2245	1832	52
2246	605	1722
2247	2505	2060
2248	1224	478
2249	537	1198
2250	2864	2660
2251	1196	157
2252	491	1657
2253	2960	2544
2254	1136	527
2255	498	1206
2256	2458	2864
2257	1260	73
2258	562	1954
2259	2637	2486
2260	1207	176
2261	541	1400
2262	2495	2345
2263	1335	51
2264	809	1499
2265	2479	2807
2266	1888	469
2267	576	1865
2268	2584	2325
2269	1256	184
2270	848	1003
2271	2361	2735
2272	1084	139
2273	384	1520
2274	2842	2619
2275	1654	540
2276	506	1264
2277	2069	2292
2278	1811	123
2279	378	1962
2280	2916	2271
2281	1796	361
2282	426	1224
2283	2357	2131
2284	1998	412
2285	538	1295
2286	2362	2354
2287	1236	701
2288	824	1394
2289	2220	2028
2290	1653	75
2291	407	1859
2292	2032	2475
2293	1468	810
2294	880	1965
2295	2457	2979
2296	1316	409
2297	737	1828
2298	2574	2711
2299	1889	169
2300	256	1814
2301	2315	2605
2302	1683	551
2303	258	1248
2304	2570	2797
2305	1627	25
2306	568	1727
2307	2790	2457
2308	1700	289
2309	315	1270
2310	2573	2138
2311	1720	289
2312	212	1337
2313	2758	2194
2314	1886	998
2315	372	1480
2316	2661	2762
2317	1856	77
2318	869	1096
2319	2320	2007
2320	1366	196
2321	145	1886
2322	2382	2357
2323	1996	497
2324	815	1104
2325	2693	2758
2326	1038	837
2327	558	1144
2328	2039	2979
2329	1815	303
2330	698	1714
2331	2869	2431
2332	1580	311
2333	666	1303
2334	2845	2453
2335	1822	745
2336	220	1804
2337	2119	2415
2338	1700	401
2339	162	1277
2340	2530	2987
2341	1699	116
2342	325	1782
2343	2914	2571
2344	1899	932
2345	633	1523
2346	2944	2460
2347	1863	266
2348	244	1927
2349	2397	2533
2350	1886	440
2351	333	1158
2352	2977	2104
2353	1668	121
2354	952	1466
2355	2917	2207
2356	1518	500
2357	940	1324
2358	2972	2187
2359	1040	606
2360	711	1619
2361	2488	2785
2362	1341	634
2363	637	1160
2364	2932	2271
2365	1922	579
2366	193	1857
2367	2185	2781
2368	1620	116
2369	535	1355
2370	2070	2957
2371	1453	695
2372	929	1724
2373	2887	2859
2374	1384	719
2375	355	1724
2376	2076	2771
2377	1322	532
2378	481	1936
2379	2235	2285
2380	1390	108
2381	477	1936
2382	2025	2460
2383	1701	493
2384	103	1819
2385	2829	2027
2386	1950	601
2387	217	1219
2388	2061	2288
2389	1687	451
2390	436	1002
2391	2443	2959
2392	1992	793
2393	224	1362
2394	2921	2434
2395	1506	193
2396	60	1120
2397	2061	2178
2398	1895	26
2399	670	1693
2400	2347	2316
2401	1553	865
2402	957	1468
2403	2983	2066
2404	1138	725
2405	110	1132
2406	2736	2368
2407	1344	158
2408	843	1456
2409	2864	2537
2410	1036	356
2411	168	1442
2412	2540	2066
2413	1787	138
2414	877	1008
2415	2161	2243
2416	1277	671
2417	194	1337
2418	2197	2534
2419	1502	966
2420	947	1872
2421	2649	2600
2422	1664	658
2423	708	1123
2424	2860	2792
2425	1054	530
2426	303	1977
2427	2862	2108
2428	1577	743
2429	210	1666
2430	2503	2466
2431	1165	384
2432	152	1291
2433	2851	2964
2434	1862	573
2435	621	1768
2436	2150	2020
2437	1509	122
2438	940	1695
2439	2563	2197
2440	1620	675
2441	132	1005
2442	2968	2259
2443	1903	351
2444	199	1874
2445	2010	2139
2446	1164	705
2447	978	1375
2448	2452	2398
2449	1074	439
2450	943	1014
2451	2401	2955
2452	1727	830
2453	347	1401
2454	2313	2725
2455	1678	244
2456	692	1232
2457	2940	2898
2458	1568	493
2459	124	1909
2460	2477	2620
2461	1407	481
2462	410	1479
2463	2397	2074
2464	1631	533
2465	587	1903
2466	2001	2246
2467	1465	304
2468	440	1257
2469	2858	2185
2470	1072	869
2471	537	1133
2472	2310	2502
2473	1516	980
2474	709	1913
2475	2473	2020
2476	1902	173
2477	974	1148
2478	2982	2055
2479	1626	799
2480	116	1195
2481	2728	2993
2482	1862	852
2483	84	1257
2484	2687	2742
2485	1085	498
2486	754	1185
2487	2438	2040
2488	1910	850
2489	468	1040
2490	2078	2441
2491	1120	425
2492	985	1209
2493	2952	2807
2494	1782	443
2495	284	1933
2496	2081	2543
2497	1051	337
2498	169	1738
2499	2006	2794
2500	1179	382
2501	411	1342
2502	2726	2610
2503	1669	555
2504	522	1821
2505	2054	2893
2506	1378	669
2507	843	1590
2508	2689	2214
2509	1664	763
2510	939	1400
2511	2219	2321
2512	1339	648
2513	558	1319
2514	2208	2992
2515	1950	457
2516	194	1012
2517	2934	2012
2518	1938	520
2519	759	1854
2520	2165	2888
2521	1797	101
2522	921	1615
2523	2127	2634
2524	1768	359
2525	685	1273
2526	2198	2429
2527	1332	148
2528	390	1794
2529	2822	2053
2530	1156	244
2531	937	1346
2532	2092	2553
2533	1101	922
2534	326	1190
2535	2045	2460
2536	1418	731
2537	960	1090
2538	2927	2672
2539	1208	776
2540	40	1965
2541	2376	2063
2542	1792	594
2543	242	1748
2544	2642	2563
2545	1100	670
2546	694	1444
2547	2197	2803
2548	1781	168
2549	536	1361
2550	2800	2533
2551	1112	710
2552	526	1696
2553	2112	2383
2554	1209	501
2555	873	1963
2556	2508	2020
2557	1113	958
2558	406	1235
2559	2456	2498
2560	1409	335
2561	346	1161
2562	2719	2432
2563	1217	281
2564	108	1602
2565	2071	2460
2566	1720	159
2567	201	1066
2568	2006	2434
2569	1779	739
2570	975	1450
2571	2995	2573
2572	1137	197
2573	190	1932
2574	2755	2914
2575	1865	205
2576	140	1722
2577	2693	2613
2578	1227	858
2579	638	1970
2580	2051	2353
2581	1013	119
2582	313	1315
2583	2372	2195
2584	1280	837
2585	573	1541
2586	2089	2530
2587	1320	387
2588	35	1262
2589	2798	2119
2590	1053	373
2591	9	1001
2592	2899	2028
2593	1696	991
2594	446	1546
2595	2786	2215
2596	1510	428
2597	739	1074
2598	2789	2323
2599	1546	286
2600	530	1241
2601	2931	2057
2602	1616	947
2603	482	1815
2604	2451	2556
2605	1272	533
2606	194	1504
2607	2587	2932
2608	1496	971
2609	172	1561
2610	2197	2374
2611	1706	185
2612	95	1903
2613	2780	2415
2614	1734	319
2615	724	1581
2616	2702	2166
2617	1932	216
2618	684	1887
2619	2647	2492
2620	1232	277
2621	637	1999
2622	2555	2967
2623	1287	862
2624	383	1244
2625	2493	2711
2626	1368	250
2627	883	1966
2628	2120	2483
2629	1214	79
2630	357	1408
2631	2360	2817
2632	1250	934
2633	451	1062
2634	2627	2082
2635	1694	236
2636	687	1365
2637	2965	2728
2638	1378	543
2639	23	1861
2640	2181	2786
2641	1639	80
2642	311	1305
2643	2458	2309
2644	1402	574
2645	216	1762
2646	2535	2519
2647	1186	202
2648	491	1880
2649	2456	2940
2650	1776	494
2651	560	1345
2652	2906	2851
2653	1963	796
2654	122	1689
2655	2610	2854
2656	1505	185
2657	500	1852
2658	2188	2983
2659	1494	885
2660	177	1563
2661	2847	2824
2662	1781	435
2663	545	1018
2664	2292	2712
2665	1365	474
2666	837	1665
2667	2272	2474
2668	1004	79
2669	144	1046
2670	2290	2834
2671	1154	868
2672	958	1423
2673	2800	2430
2674	1186	872
2675	182	1306
2676	2436	2669
2677	1030	164
2678	757	1179
2679	2650	2092
2680	1512	4
2681	508	1160
2682	2715	2222
2683	1026	50
2684	97	1148
2685	2322	2660
2686	1602	341
2687	145	1625
2688	2992	2827
2689	1027	197
2690	634	1628
2691	2446	2254
2692	1101	174
2693	903	1960
2694	2648	2547
2695	1430	643
2696	338	1013
2697	2447	2325
2698	1983	140
2699	984	1049
2700	2610	2023
2701	1039	85
2702	690	1524
2703	2582	2325
2704	1972	820
2705	886	1250
2706	2923	2727
2707	1548	985
2708	498	1063
2709	2853	2218
2710	1059	208
2711	23	1748
2712	2883	2341
2713	1693	500
2714	117	1401
2715	2276	2218
2716	1386	466
2717	264	1438
2718	2144	2398
2719	1066	32
2720	547	1862
2721	2089	2846
2722	1498	196
2723	446	1223
2724	2528	2314
2725	1493	160
2726	358	1796
2727	2069	2144
2728	1209	804
2729	976	1298
2730	2471	2543
2731	1362	951
2732	202	1808
2733	2019	2180
2734	1996	776
2735	685	1652
2736	2797	2302
2737	1370	514
2738	169	1491
2739	2800	2543
2740	1774	560
2741	302	1067
2742	2440	2919
2743	1935	47
2744	923	1449
2745	2252	2033
2746	1550	664
2747	862	1076
2748	2126	2720
2749	1239	591
2750	582	1931
2751	2790	2245
2752	1314	225
2753	803	1464
2754	2647	2404
2755	1432	803
2756	516	1366
2757	2721	2774
2758	1309	105
2759	177	1284
2760	2756	2874
2761	1106	26
2762	891	1955
2763	2881	2346
2764	1654	866
2765	82	1131
2766	2145	2800
2767	1487	534
2768	993	1529
2769	2655	2163
2770	1864	814
2771	646	1507
2772	2043	2603
2773	1637	6
2774	829	1818
2775	2212	2927
2776	1081	828
2777	41	1225
2778	2380	2683
2779	1384	847
2780	561	1589
2781	2758	2170
2782	1457	119
2783	186	1467
2784	2921	2857
2785	1521	315
2786	399	1077
2787	2608	2668
2788	1094	63
2789	469	1809
2790	2006	2984
2791	1424	113
2792	408	1056
2793	2071	2549
2794	1115	826
2795	82	1289
2796	2369	2177
2797	1525	299
2798	83	1698
2799	2269	2292
2800	1368	282
2801	541	1807
2802	2661	2146
2803	1002	914
2804	584	1799
2805	2861	2808
2806	1788	569
2807	525	1339
2808	2140	2122
2809	1696	214
2810	34	1744
2811	2348	2044
2812	1524	358
2813	763	1779
2814	2208	2515
2815	1372	403
2816	915	1503
2817	2201	2592
2818	1796	658
2819	77	1427
2820	2167	2974
2821	1565	241
2822	189	1241
2823	2295	2431
2824	1773	313
2825	344	1220
2826	2243	2100
2827	1968	174
2828	997	1633
2829	2229	2812
2830	1324	581
2831	518	1438
2832	2361	2683
2833	1545	665
2834	231	1660
2835	2634	2140
2836	1560	7
2837	623	1733
2838	2621	2181
2839	1785	410
2840	643	1069
2841	2739	2176
2842	1438	812
2843	201	1625
2844	2335	2245
2845	1083	591
2846	722	1935
2847	2798	2670
2848	1514	322
2849	40	1700
2850	2202	2368
2851	1246	149
2852	49	1650
2853	2850	2004
2854	1790	248
2855	972	1493
2856	2500	2171
2857	1177	160
2858	702	1960
2859	2744	2010
2860	1928	475
2861	812	1553
2862	2220	2233
2863	1841	395
2864	548	1108
2865	2098	2342
2866	1379	897
2867	705	1019
2868	2966	2374
2869	1515	961
2870	753	1378
2871	2724	2430
2872	1195	735
2873	226	1429
2874	2238	2464
2875	1730	286
2876	668	1071
2877	2265	2117
2878	1954	934
2879	859	1681
2880	2521	2636
2881	1189	565
2882	850	1748
2883	2037	2084
2884	1531	567
2885	933	1618
2886	2276	2192
2887	1036	917
2888	411	1927
2889	2754	2859
2890	1226	847
2891	157	1163
2892	2812	2012
2893	1233	108
2894	579	1757
2895	2480	2851
2896	1637	414
2897	983	1225
2898	2682	2078
2899	1514	510
2900	762	1837
2901	2080	2172
2902	1836	476
2903	976	1306
2904	2138	2645
2905	1616	537
2906	23	1673
2907	2546	2508
2908	1431	814
2909	304	1045
2910	2630	2702
2911	1982	458
2912	597	1364
2913	2409	2100
2914	1394	219
2915	559	1925
2916	2346	2414
2917	1770	868
2918	858	1727
2919	2548	2739
2920	1113	375
2921	328	1696
2922	2943	2944
2923	1303	78
2924	64	1652
2925	2533	2745
2926	1940	238
2927	269	1370
2928	2638	2865
2929	1851	207
2930	959	1839
2931	2413	2711
2932	1902	995
2933	124	1627
2934	2904	2501
2935	1877	447
2936	502	1776
2937	2944	2815
2938	1717	821
2939	686	1818
2940	2849	2473
2941	1539	4
2942	524	1503
2943	2916	2355
2944	1998	303
2945	866	1304
2946	2358	2317
2947	1354	576
2948	602	1535
2949	2271	2213
2950	1174	633
2951	194	1340
2952	2555	2972
2953	1181	0
2954	165	1814
2955	2923	2244
2956	1810	458
2957	169	1595
2958	2548	2124
2959	1990	347
2960	955	1501
2961	2449	2813
2962	1432	356
2963	572	1033
2964	2238	2223
2965	1855	645
2966	637	1303
2967	2414	2403
2968	1786	183
2969	316	1869
2970	2699	2784
2971	1081	262
2972	843	1289
2973	2710	2665
2974	1919	697
2975	125	1421
2976	2611	2178
2977	1455	745
2978	170	1988
2979	2108	2927
2980	1224	847
2981	365	1650
2982	2259	2269
2983	1001	352
2984	552	1283
2985	2553	2029
2986	1760	898
2987	178	1601
2988	2862	2567
2989	1440	388
2990	862	1997
2991	2343	2238
2992	1910	782
2993	564	1560
2994	2012	2089
2995	1924	755
2996	331	1502
2997	2363	2535
2998	1111	209
2999	57	1362
3000	2650	2155
3001	1564	786
3002	870	1653
3003	2729	2106
3004	1050	884
3005	112	1223
3006	2015	2367
3007	1319	723
3008	225	1979
3009	2370	2270
3010	1119	507
3011	689	1086
3012	2586	2724
3013	1763	301
3014	716	1236
3015	2172	2405
3016	1307	152
3017	526	1320
3018	2043	2575
3019	1909	177
3020	31	1220
3021	2894	2023
3022	1289	537
3023	165	1017
3024	2480	2526
3025	1108	467
3026	866	1271
3027	2141	2291
3028	1720	693
3029	412	1277
3030	2770	2465
3031	1309	712
3032	28	1350
3033	2166	2139
3034	1185	325
3035	876	1759
3036	2471	2253
3037	1423	40
3038	932	1270
3039	2693	2166
3040	1404	9
3041	864	1563
3042	2104	2766
3043	1943	272
3044	767	1831
3045	2621	2657
3046	1232	608
3047	226	1807
3048	2774	2422
3049	1007	630
3050	3	1062
3051	2493	2270
3052	1076	859
3053	463	1767
3054	2806	2927
3055	1959	277
3056	339	1200
3057	2657	2457
3058	1593	911
3059	400	1168
3060	2075	2532
3061	1452	385
3062	135	1566
3063	2197	2447
3064	1160	774
3065	412	1759
3066	2816	2747
3067	1957	242
3068	514	1825
3069	2930	2615
3070	1601	794
3071	571	1220
3072	2276	2848
3073	1727	618
3074	345	1414
3075	2119	2677
3076	1667	63
3077	458	1858
3078	2257	2160
3079	1198	117
3080	772	1615
3081	2752	2317
3082	1663	885
3083	938	1593
3084	2869	2108
3085	1037	62
3086	527	1389
3087	2042	2659
3088	1355	44
3089	936	1122
3090	2294	2726
3091	1554	244
3092	262	1775
3093	2785	2018
3094	1849	394
3095	789	1960
3096	2341	2096
3097	1005	653
3098	661	1132
3099	2931	2325
3100	1670	134
3101	345	1324
3102	2156	2489
3103	1674	680
3104	479	1413
3105	2720	2194
3106	1841	71
3107	571	1312
3108	2541	2216
3109	1071	687
3110	953	1288
3111	2338	2198
3112	1023	73
3113	535	1871
3114	2277	2669
3115	1432	546
3116	901	1376
3117	2438	2381
3118	1607	473
3119	178	1861
3120	2581	2432
3121	1192	584
3122	225	1056
3123	2908	2489
3124	1128	822
3125	892	1351
3126	2666	2174
3127	1979	976
3128	293	1379
3129	2551	2578
3130	1267	129
3131	323	1539
3132	2811	2308
3133	1300	729
3134	854	1202
3135	2431	2774
3136	1786	551
3137	692	1417
3138	2579	2370
3139	1889	70
3140	573	1139
3141	2641	2768
3142	1240	659
3143	767	1732
3144	2983	2062
3145	1120	9
3146	74	1665
3147	2994	2150
3148	1926	507
3149	676	1870
3150	2493	2405
3151	1474	305
3152	185	1318
3153	2728	2041
3154	1507	656
3155	601	1406
3156	2272	2265
3157	1972	370
3158	178	1924
3159	2790	2741
3160	1113	675
3161	353	1970
3162	2277	2328
3163	1677	187
3164	704	1622
3165	2192	2427
3166	1834	828
3167	465	1258
3168	2652	2151
3169	1290	983
3170	571	1564
3171	2982	2963
3172	1489	949
3173	661	1662
3174	2796	2838
3175	1345	89
3176	166	1839
3177	2989	2217
3178	1892	439
3179	337	1671
3180	2645	2888
3181	1149	677
3182	231	1658
3183	2240	2523
3184	1543	818
3185	199	1663
3186	2400	2243
3187	1746	796
3188	671	1632
3189	2870	2595
3190	1136	538
3191	869	1097
3192	2200	2166
3193	1205	109
3194	105	1636
3195	2393	2182
3196	1177	793
3197	986	1363
3198	2741	2980
3199	1051	229
3200	393	1575
3201	2983	2901
3202	1317	795
3203	379	1046
3204	2154	2706
3205	1414	843
3206	166	1770
3207	2757	2275
3208	1321	651
3209	567	1166
3210	2648	2670
3211	1229	304
3212	268	1651
3213	2749	2781
3214	1151	339
3215	815	1021
3216	2959	2038
3217	1381	122
3218	707	1766
3219	2286	2877
3220	1636	760
3221	398	1127
3222	2261	2917
3223	1637	652
3224	950	1753
3225	2742	2193
3226	1913	751
3227	942	1278
3228	2024	2542
3229	1181	356
3230	149	1065
3231	2508	2524
3232	1541	788
3233	68	1254
3234	2588	2044
3235	1653	81
3236	636	1486
3237	2136	2216
3238	1871	375
3239	727	1989
3240	2667	2413
3241	1649	908
3242	162	1638
3243	2107	2995
3244	1072	429
3245	838	1905
3246	2375	2129
3247	1175	6
3248	746	1906
3249	2747	2557
3250	1189	229
3251	881	1718
3252	2348	2917
3253	1297	770
3254	766	1188
3255	2350	2165
3256	1449	351
3257	445	1423
3258	2500	2554
3259	1282	505
3260	502	1094
3261	2875	2373
3262	1769	904
3263	472	1636
3264	2304	2162
3265	1569	28
3266	850	1221
3267	2889	2096
3268	1482	343
3269	565	1734
3270	2641	2955
3271	1956	445
3272	562	1706
3273	2943	2653
3274	1987	883
3275	691	1731
3276	2746	2695
3277	1524	677
3278	233	1761
3279	2415	2923
3280	1341	105
3281	283	1547
3282	2111	2689
3283	1702	723
3284	201	1822
3285	2418	2998
3286	1255	943
3287	110	1406
3288	2303	2682
3289	1511	86
3290	600	1844
3291	2153	2247
3292	1361	762
3293	610	1267
3294	2128	2037
3295	1825	354
3296	347	1577
3297	2071	2512
3298	1909	515
3299	918	1661
3300	2233	2235
3301	1487	346
3302	443	1773
3303	2389	2803
3304	1268	452
3305	957	1099
3306	2695	2392
3307	1448	721
3308	988	1584
3309	2187	2609
3310	1248	767
3311	169	1181
3312	2298	2174
3313	1104	597
3314	850	1750
3315	2633	2581
3316	1456	978
3317	885	1574
3318	2655	2837
3319	1559	7
3320	405	1067
3321	2486	2255
3322	1620	36
3323	424	1707
3324	2656	2764
3325	1307	769
3326	901	1252
3327	2193	2929
3328	1520	376
3329	937	1772
3330	2669	2414
3331	1675	125
3332	743	1044
3333	2793	2713
3334	1764	952
3335	88	1195
3336	2945	2245
3337	1846	112
3338	418	1747
3339	2549	2688
3340	1651	528
3341	434	1811
3342	2497	2409
3343	1673	453
3344	180	1513
3345	2612	2925
3346	1797	200
3347	770	1812
3348	2282	2015
3349	1049	416
3350	722	1531
3351	2527	2200
3352	1074	612
3353	416	1261
3354	2463	2382
3355	1608	292
3356	796	1647
3357	2315	2487
3358	1450	722
3359	414	1895
3360	2638	2105
3361	1585	457
3362	17	1783
3363	2735	2464
3364	1156	522
3365	64	1861
3366	2868	2796
3367	1995	157
3368	619	1080
3369	2175	2480
3370	1425	923
3371	766	1281
3372	2646	2140
3373	1780	590
3374	6	1163
3375	2698	2016
3376	1473	733
3377	328	1343
3378	2787	2554
3379	1126	746
3380	983	1394
3381	2087	2648
3382	1249	108
3383	472	1284
3384	2554	2783
3385	1312	597
3386	535	1651
3387	2678	2326
3388	1383	438
3389	237	1283
3390	2920	2887
3391	1779	311
3392	144	1016
3393	2846	2450
3394	1161	376
3395	537	1446
3396	2628	2497
3397	1812	899
3398	744	1829
3399	2135	2691
3400	1915	352
3401	519	1256
3402	2857	2297
3403	1942	733
3404	122	1570
3405	2145	2014
3406	1178	295
3407	517	1750
3408	2072	2498
3409	1117	241
3410	250	1062
3411	2438	2197
3412	1776	775
3413	739	1389
3414	2638	2114
3415	1936	245
3416	316	1527
3417	2983	2462
3418	1333	33
3419	861	1838
3420	2424	2012
3421	1685	650
3422	19	1267
3423	2585	2573
3424	1634	18
3425	209	1181
3426	2398	2885
3427	1480	594
3428	404	1813
3429	2416	2363
3430	1169	463
3431	408	1544
3432	2478	2355
3433	1309	35
3434	532	1982
3435	2508	2275
3436	1318	70
3437	984	1045
3438	2429	2359
3439	1469	692
3440	879	1386
3441	2455	2829
3442	1298	824
3443	509	1742
3444	2099	2298
3445	1271	361
3446	323	1633
3447	2828	2847
3448	1263	587
3449	137	1773
3450	2531	2191
3451	1707	603
3452	290	1393
3453	2487	2724
3454	1325	143
3455	69	1133
3456	2459	2767
3457	1618	203
3458	470	1587
3459	2499	2491
3460	1664	4
3461	271	1355
3462	2108	2626
3463	1081	460
3464	727	1558
3465	2643	2580
3466	1283	392
3467	190	1858
3468	2703	2312
3469	1394	224
3470	434	1548
3471	2719	2095
3472	1592	388
3473	971	1834
3474	2022	2124
3475	1993	685
3476	11	1045
3477	2160	2013
3478	1098	244
3479	586	1920
3480	2161	2151
3481	1710	100
3482	160	1886
3483	2928	2933
3484	1510	371
3485	744	1588
3486	2892	2615
3487	1015	941
3488	709	1424
3489	2858	2668
3490	1493	747
3491	930	1269
3492	2535	2021
3493	1674	840
3494	470	1758
3495	2203	2352
3496	1226	799
3497	111	1775
3498	2043	2860
3499	1611	135
3500	990	1898
3501	2026	2599
3502	1481	779
3503	512	1606
3504	2998	2239
3505	1208	327
3506	659	1284
3507	2239	2370
3508	1305	927
3509	767	1770
3510	2227	2952
3511	1928	999
3512	454	1583
3513	2612	2386
3514	1695	48
3515	718	1464
3516	2424	2454
3517	1258	476
3518	854	1618
3519	2293	2899
3520	1119	102
3521	88	1032
3522	2653	2391
3523	1618	471
3524	786	1550
3525	2109	2471
3526	1798	425
3527	584	1790
3528	2440	2253
3529	1583	332
3530	585	1494
3531	2175	2155
3532	1406	491
3533	305	1566
3534	2062	2586
3535	1941	443
3536	867	1427
3537	2984	2218
3538	1344	119
3539	549	1402
3540	2223	2650
3541	1782	395
3542	548	1175
3543	2564	2147
3544	1581	296
3545	766	1425
3546	2983	2429
3547	1856	334
3548	605	1911
3549	2409	2185
3550	1771	904
3551	871	1755
3552	2324	2320
3553	1956	589
3554	303	1139
3555	2248	2607
3556	1083	190
3557	752	1254
3558	2312	2486
3559	1030	401
3560	473	1539
3561	2761	2033
3562	1576	838
3563	362	1060
3564	2690	2202
3565	1248	150
3566	97	1968
3567	2984	2335
3568	1657	21
3569	867	1996
3570	2473	2797
3571	1341	687
3572	147	1086
3573	2601	2174
3574	1372	837
3575	625	1126
3576	2145	2068
3577	1140	786
3578	24	1440
3579	2769	2279
3580	1363	816
3581	222	1897
3582	2978	2323
3583	1491	753
3584	304	1635
3585	2217	2808
3586	1728	739
3587	874	1954
3588	2516	2733
3589	1086	782
3590	407	1973
3591	2967	2879
3592	1803	672
3593	810	1298
3594	2406	2302
3595	1109	751
3596	949	1064
3597	2766	2741
3598	1239	444
3599	285	1521
3600	2734	2661
3601	1440	588
3602	520	1230
3603	2831	2750
3604	1527	446
3605	230	1696
3606	2395	2435
3607	1261	208
3608	69	1118
3609	2527	2212
3610	1334	692
3611	749	1153
3612	2219	2274
3613	1097	608
3614	494	1624
3615	2213	2332
3616	1941	503
3617	101	1887
3618	2229	2172
3619	1582	799
3620	598	1643
3621	2470	2929
3622	1731	799
3623	16	1641
3624	2239	2162
3625	1013	383
3626	465	1427
3627	2896	2739
3628	1529	167
3629	91	1043
3630	2793	2966
3631	1399	2
3632	817	1038
3633	2988	2569
3634	1980	233
3635	936	1013
3636	2743	2596
3637	1359	69
3638	201	1823
3639	2107	2669
3640	1342	910
3641	513	1780
3642	2418	2876
3643	1575	591
3644	110	1839
3645	2986	2416
3646	1051	383
3647	920	1257
3648	2758	2335
3649	1860	606
3650	83	1105
3651	2831	2777
3652	1292	655
3653	935	1417
3654	2692	2093
3655	1060	423
3656	955	1630
3657	2586	2369
3658	1953	256
3659	997	1606
3660	2038	2005
3661	1190	431
3662	190	1166
3663	2362	2840
3664	1962	197
3665	321	1486
3666	2538	2250
3667	1258	611
3668	600	1136
3669	2906	2236
3670	1619	342
3671	78	1558
3672	2833	2037
3673	1760	68
3674	59	1198
3675	2463	2521
3676	1770	529
3677	387	1473
3678	2702	2854
3679	1200	376
3680	860	1525
3681	2529	2245
3682	1797	348
3683	947	1357
3684	2077	2794
3685	1569	503
3686	589	1214
3687	2525	2806
3688	1163	918
3689	340	1358
3690	2237	2147
3691	1366	599
3692	4	1578
3693	2534	2945
3694	1085	845
3695	562	1487
3696	2420	2947
3697	1808	989
3698	197	1374
3699	2677	2792
3700	1365	16
3701	548	1964
3702	2410	2779
3703	1975	509
3704	455	1537
3705	2326	2766
3706	1335	573
3707	144	1356
3708	2295	2756
3709	1023	383
3710	993	1050
3711	2744	2141
3712	1326	903
3713	692	1089
3714	2735	2597
3715	1627	534
3716	638	1444
3717	2455	2573
3718	1457	965
3719	732	1375
3720	2333	2202
3721	1248	402
3722	642	1747
3723	2810	2493
3724	1707	643
3725	363	1812
3726	2363	2114
3727	1653	687
3728	452	1251
3729	2429	2038
3730	1676	310
3731	817	1859
3732	2336	2983
3733	1232	304
3734	321	1497
3735	2131	2445
3736	1480	590
3737	698	1792
3738	2687	2597
3739	1325	13
3740	117	1823
3741	2863	2920
3742	1635	186
3743	908	1696
3744	2422	2245
3745	1200	68
3746	426	1790
3747	2341	2604
3748	1921	880
3749	85	1455
3750	2472	2063
3751	1400	32
3752	683	1709
3753	2545	2969
3754	1331	939
3755	122	1098
3756	2274	2624
3757	1823	609
3758	448	1403
3759	2702	2669
3760	1674	885
3761	666	1561
3762	2758	2702
3763	1978	651
3764	471	1468
3765	2718	2330
3766	1941	374
3767	206	1683
3768	2236	2288
3769	1608	921
3770	335	1824
3771	2716	2715
3772	1147	954
3773	859	1935
3774	2659	2757
3775	1236	366
3776	710	1898
3777	2843	2366
3778	1209	961
3779	511	1324
3780	2942	2464
3781	1456	679
3782	221	1314
3783	2779	2481
3784	1621	489
3785	10	1909
3786	2559	2177
3787	1355	214
3788	507	1078
3789	2022	2520
3790	1503	885
3791	857	1705
3792	2848	2017
3793	1329	481
3794	256	1164
3795	2821	2232
3796	1106	465
3797	84	1922
3798	2964	2615
3799	1203	909
3800	923	1020
3801	2423	2177
3802	1800	808
3803	129	1524
3804	2476	2466
3805	1076	811
3806	18	1486
3807	2089	2653
3808	1106	605
3809	7	1892
3810	2780	2695
3811	1956	149
3812	548	1832
3813	2368	2703
3814	1990	649
3815	921	1829
3816	2935	2872
3817	1361	338
3818	4	1052
3819	2655	2451
3820	1022	781
3821	874	1900
3822	2770	2763
3823	1421	480
3824	541	1884
3825	2028	2583
3826	1928	85
3827	51	1978
3828	2088	2911
3829	1383	780
3830	318	1508
3831	2674	2273
3832	1264	152
3833	118	1992
3834	2252	2314
3835	1922	235
3836	637	1657
3837	2932	2610
3838	1960	628
3839	856	1127
3840	2580	2853
3841	1324	5
3842	928	1872
3843	2070	2103
3844	1859	485
3845	213	1165
3846	2766	2366
3847	1097	559
3848	621	1219
3849	2826	2873
3850	1337	585
3851	294	1878
3852	2361	2677
3853	1712	42
3854	257	1905
3855	2610	2465
3856	1882	147
3857	244	1046
3858	2950	2388
3859	1069	247
3860	275	1383
3861	2735	2798
3862	1733	946
3863	451	1587
3864	2601	2692
3865	1151	650
3866	744	1669
3867	2323	2969
3868	1248	112
3869	752	1950
3870	2082	2401
3871	1028	220
3872	998	1038
3873	2200	2808
3874	1376	350
3875	676	1459
3876	2895	2890
3877	1674	838
3878	861	1456
3879	2010	2325
3880	1587	866
3881	606	1147
3882	2701	2669
3883	1983	919
3884	828	1591
3885	2466	2245
3886	1690	421
3887	916	1828
3888	2827	2698
3889	1765	22
3890	953	1835
3891	2366	2282
3892	1678	394
3893	590	1256
3894	2025	2429
3895	1570	799
3896	498	1357
3897	2844	2792
3898	1697	347
3899	221	1352
3900	2877	2904
3901	1956	675
3902	330	1224
3903	2890	2225
3904	1314	934
3905	440	1837
3906	2547	2856
3907	1235	631
3908	510	1895
3909	2264	2902
3910	1543	634
3911	505	1793
3912	2105	2674
3913	1929	58
3914	324	1284
3915	2006	2059
3916	1620	381
3917	433	1382
3918	2839	2890
3919	1865	142
3920	732	1051
3921	2807	2278
3922	1714	518
3923	687	1498
3924	2444	2868
3925	1148	344
3926	924	1157
3927	2787	2096
3928	1219	76
3929	247	1978
3930	2570	2079
3931	1023	579
3932	730	1681
3933	2934	2087
3934	1722	801
3935	755	1791
3936	2402	2054
3937	1839	354
3938	309	1743
3939	2423	2442
3940	1583	96
3941	757	1414
3942	2139	2238
3943	1783	145
3944	999	1429
3945	2081	2985
3946	1148	604
3947	637	1239
3948	2254	2356
3949	1907	501
3950	881	1182
3951	2935	2745
3952	1710	528
3953	549	1433
3954	2199	2806
3955	1146	143
3956	621	1859
3957	2215	2017
3958	1214	635
3959	905	1729
3960	2036	2750
3961	1807	668
3962	53	1266
3963	2892	2268
3964	1311	306
3965	938	1054
3966	2498	2627
3967	1118	254
3968	223	1694
3969	2801	2807
3970	1646	981
3971	421	1627
3972	2492	2571
3973	1118	372
3974	259	1562
3975	2242	2250
3976	1105	211
3977	355	1134
3978	2408	2639
3979	1870	843
3980	17	1499
3981	2554	2244
3982	1002	429
3983	937	1498
3984	2617	2892
3985	1503	744
3986	385	1167
3987	2023	2688
3988	1479	300
3989	934	1017
3990	2269	2908
3991	1434	260
3992	988	1213
3993	2826	2389
3994	1287	845
3995	892	1656
3996	2277	2652
3997	1334	110
3998	785	1988
3999	2920	2117
4000	1368	886
4001	402	1547
4002	2795	2146
4003	1625	403
4004	77	1785
4005	2036	2833
4006	1810	99
4007	973	1411
4008	2827	2743
4009	1018	467
4010	979	1939
4011	2363	2071
4012	1827	342
4013	266	1680
4014	2007	2852
4015	1706	755
4016	991	1374
4017	2040	2376
4018	1405	384
4019	524	1197
4020	2328	2338
4021	1533	782
4022	897	1874
4023	2021	2548
4024	1478	282
4025	197	1050
4026	2045	2847
4027	1105	705
4028	49	1341
4029	2616	2004
4030	1383	147
4031	261	1660
4032	2732	2068
4033	1266	584
4034	676	1848
4035	2990	2731
4036	1291	668
4037	713	1228
4038	2998	2006
4039	1464	437
4040	283	1335
4041	2333	2055
4042	1126	229
4043	889	1219
4044	2542	2563
4045	1109	513
4046	752	1042
4047	2507	2178
4048	1142	622
4049	92	1617
4050	2025	2408
4051	1851	795
4052	465	1508
4053	2182	2459
4054	1715	392
4055	253	1036
4056	2577	2619
4057	1122	760
4058	779	1433
4059	2675	2962
4060	1229	883
4061	492	1997
4062	2189	2376
4063	1587	171
4064	346	1602
4065	2158	2524
4066	1806	776
4067	495	1807
4068	2153	2215
4069	1639	987
4070	421	1888
4071	2044	2869
4072	1335	148
4073	525	1249
4074	2228	2416
4075	1730	284
4076	311	1302
4077	2301	2910
4078	1316	901
4079	586	1214
4080	2319	2810
4081	1708	359
4082	336	1378
4083	2036	2075
4084	1865	32
4085	535	1924
4086	2582	2141
4087	1599	609
4088	407	1856
4089	2581	2752
4090	1848	658
4091	94	1403
4092	2937	2322
4093	1307	116
4094	238	1300
4095	2370	2624
4096	1047	278
4097	894	1370
4098	2940	2305
4099	1334	572
4100	431	1148
4101	2238	2879
4102	1630	655
4103	394	1075
4104	2260	2343
4105	1269	633
4106	896	1160
4107	2109	2355
4108	1464	800
4109	304	1651
4110	2467	2990
4111	1806	872
4112	202	1075
4113	2568	2297
4114	1023	291
4115	454	1740
4116	2001	2916
4117	1227	644
4118	908	1250
4119	2460	2720
4120	1739	759
4121	361	1522
4122	2643	2018
4123	1760	334
4124	394	1998
4125	2540	2595
4126	1427	947
4127	389	1145
4128	2223	2594
4129	1723	858
4130	25	1163
4131	2775	2135
4132	1422	846
4133	547	1684
4134	2284	2019
4135	1219	907
4136	601	1577
4137	2396	2556
4138	1689	643
4139	299	1602
4140	2020	2928
4141	1376	175
4142	479	1197
4143	2372	2869
4144	1812	701
4145	331	1807
4146	2400	2234
4147	1089	760
4148	619	1638
4149	2792	2652
4150	1716	155
4151	519	1074
4152	2074	2181
4153	1217	535
4154	414	1298
4155	2751	2391
4156	1301	101
4157	104	1433
4158	2871	2603
4159	1286	934
4160	741	1689
4161	2831	2201
4162	1525	507
4163	430	1793
4164	2114	2321
4165	1791	369
4166	621	1645
4167	2231	2038
4168	1722	826
4169	634	1556
4170	2781	2588
4171	1467	343
4172	452	1363
4173	2310	2696
4174	1545	888
4175	480	1131
4176	2634	2731
4177	1636	187
4178	230	1547
4179	2887	2761
4180	1784	350
4181	534	1134
4182	2168	2958
4183	1475	190
4184	882	1429
4185	2070	2551
4186	1221	756
4187	722	1845
4188	2450	2204
4189	1634	566
4190	373	1429
4191	2551	2013
4192	1406	380
4193	533	1974
4194	2605	2722
4195	1835	126
4196	245	1048
4197	2177	2720
4198	1167	219
4199	769	1715
4200	2188	2844
4201	1405	205
4202	999	1286
4203	2490	2935
4204	1498	375
4205	4	1622
4206	2132	2313
4207	1356	116
4208	286	1627
4209	2438	2199
4210	1342	761
4211	818	1663
4212	2252	2646
4213	1358	96
4214	972	1399
4215	2422	2895
4216	1060	839
4217	578	1648
4218	2085	2946
4219	1275	15
4220	798	1584
4221	2067	2157
4222	1650	206
4223	253	1960
4224	2440	2132
4225	1991	890
4226	13	1262
4227	2012	2828
4228	1550	867
4229	811	1670
4230	2491	2494
4231	1440	292
4232	227	1111
4233	2292	2566
4234	1896	263
4235	811	1890
4236	2163	2124
4237	1355	20
4238	882	1982
4239	2704	2030
4240	1275	650
4241	916	1786
4242	2864	2728
4243	1977	730
4244	203	1668
4245	2579	2489
4246	1302	592
4247	501	1026
4248	2752	2391
4249	1196	370
4250	848	1469
4251	2761	2798
4252	1750	26
4253	570	1270
4254	2258	2585
4255	1975	444
4256	732	1954
4257	2024	2439
4258	1260	72
4259	407	1275
4260	2730	2437
4261	1375	409
4262	831	1251
4263	2279	2995
4264	1718	391
4265	932	1134
4266	2136	2292
4267	1132	946
4268	681	1097
4269	2469	2282
4270	1433	938
4271	898	1958
4272	2826	2401
4273	1813	431
4274	458	1722
4275	2254	2333
4276	1761	65
4277	938	1965
4278	2428	2373
4279	1639	274
4280	88	1315
4281	2803	2348
4282	1405	235
4283	681	1280
4284	2328	2028
4285	1774	949
4286	296	1479
4287	2356	2051
4288	1352	802
4289	700	1491
4290	2971	2832
4291	1431	513
4292	740	1003
4293	2521	2799
4294	1351	232
4295	450	1445
4296	2198	2663
4297	1046	623
4298	556	1705
4299	2560	2590
4300	1322	443
4301	798	1667
4302	2511	2921
4303	1949	537
4304	20	1528
4305	2055	2077
4306	1167	11
4307	809	1594
4308	2721	2065
4309	1157	902
4310	506	1156
4311	2637	2452
4312	1036	553
4313	665	1916
4314	2302	2519
4315	1463	472
4316	414	1896
4317	2003	2484
4318	1626	182
4319	88	1172
4320	2617	2292
4321	1620	236
4322	764	1128
4323	2709	2458
4324	1988	668
4325	506	1663
4326	2501	2893
4327	1915	308
4328	821	1892
4329	2931	2743
4330	1678	466
4331	322	1380
4332	2575	2106
4333	1659	35
4334	636	1620
4335	2966	2475
4336	1215	103
4337	106	1602
4338	2217	2085
4339	1937	302
4340	836	1109
4341	2180	2495
4342	1995	39
4343	501	1620
4344	2979	2853
4345	1408	740
4346	353	1247
4347	2042	2652
4348	1596	703
4349	909	1963
4350	2152	2803
4351	1209	456
4352	260	1915
4353	2742	2086
4354	1378	290
4355	124	1716
4356	2314	2960
4357	1288	669
4358	867	1365
4359	2952	2336
4360	1236	649
4361	787	1310
4362	2120	2940
4363	1878	716
4364	300	1975
4365	2689	2926
4366	1607	282
4367	992	1300
4368	2128	2545
4369	1320	618
4370	977	1678
4371	2641	2577
4372	1727	924
4373	57	1515
4374	2407	2436
4375	1319	544
4376	269	1876
4377	2837	2405
4378	1641	328
4379	688	1395
4380	2294	2830
4381	1921	950
4382	597	1015
4383	2302	2507
4384	1938	115
4385	884	1166
4386	2156	2163
4387	1117	316
4388	909	1788
4389	2848	2999
4390	1518	917
4391	674	1492
4392	2851	2439
4393	1239	602
4394	42	1004
4395	2254	2600
4396	1117	655
4397	275	1515
4398	2717	2373
4399	1316	42
4400	691	1857
4401	2580	2347
4402	1769	265
4403	51	1747
4404	2802	2902
4405	1392	70
4406	809	1716
4407	2635	2944
4408	1516	73
4409	239	1718
4410	2190	2022
4411	1511	623
4412	671	1236
4413	2649	2084
4414	1189	444
4415	924	1460
4416	2985	2738
4417	1568	831
4418	153	1137
4419	2129	2774
4420	1947	825
4421	542	1313
4422	2380	2219
4423	1886	505
4424	473	1645
4425	2393	2374
4426	1883	941
4427	1	1708
4428	2272	2766
4429	1127	203
4430	70	1855
4431	2600	2223
4432	1241	89
4433	244	1403
4434	2576	2188
4435	1648	133
4436	111	1513
4437	2525	2064
4438	1751	397
4439	727	1018
4440	2864	2366
4441	1786	977
4442	520	1290
4443	2587	2655
4444	1833	265
4445	973	1352
4446	2337	2526
4447	1980	37
4448	25	1071
4449	2906	2771
4450	1208	57
4451	318	1053
4452	2881	2309
4453	1694	644
4454	186	1270
4455	2732	2341
4456	1620	459
4457	996	1076
4458	2211	2442
4459	1742	720
4460	997	1831
4461	2216	2909
4462	1856	26
4463	720	1996
4464	2581	2538
4465	1586	692
4466	140	1570
4467	2653	2840
4468	1664	838
4469	920	1983
4470	2774	2162
4471	1892	773
4472	671	1945
4473	2908	2824
4474	1379	485
4475	90	1505
4476	2986	2085
4477	1301	619
4478	725	1864
4479	2255	2532
4480	1097	692
4481	190	1816
4482	2607	2901
4483	1904	787
4484	910	1157
4485	2396	2815
4486	1424	635
4487	327	1258
4488	2248	2959
4489	1158	647
4490	748	1695
4491	2854	2931
4492	1903	885
4493	647	1871
4494	2797	2227
4495	1443	949
4496	518	1592
4497	2355	2230
4498	1372	51
4499	343	1234
4500	2854	2697
4501	1386	373
4502	304	1628
4503	2978	2785
4504	1831	300
4505	319	1141
4506	2139	2129
4507	1793	354
4508	110	1933
4509	2420	2892
4510	1255	708
4511	583	1214
4512	2650	2695
4513	1898	560
4514	402	1814
4515	2167	2980
4516	1451	30
4517	484	1320
4518	2611	2564
4519	1671	577
4520	489	1657
4521	2711	2340
4522	1625	882
4523	414	1052
4524	2003	2526
4525	1442	131
4526	834	1045
4527	2534	2524
4528	1766	858
4529	860	1619
4530	2041	2524
4531	1693	58
4532	935	1636
4533	2613	2176
4534	1688	953
4535	824	1143
4536	2895	2644
4537	1414	741
4538	631	1499
4539	2507	2888
4540	1732	763
4541	284	1777
4542	2691	2330
4543	1716	179
4544	440	1842
4545	2445	2039
4546	1080	422
4547	168	1646
4548	2176	2908
4549	1888	682
4550	117	1231
4551	2903	2462
4552	1053	32
4553	772	1615
4554	2274	2712
4555	1751	909
4556	75	1336
4557	2168	2011
4558	1190	930
4559	660	1926
4560	2944	2074
4561	1255	487
4562	408	1205
4563	2447	2245
4564	1823	80
4565	188	1953
4566	2278	2946
4567	1245	936
4568	637	1823
4569	2855	2999
4570	1643	242
4571	861	1431
4572	2975	2236
4573	1921	203
4574	171	1717
4575	2527	2964
4576	1258	148
4577	276	1704
4578	2264	2184
4579	1405	843
4580	840	1476
4581	2325	2697
4582	1546	231
4583	916	1650
4584	2589	2993
4585	1783	995
4586	183	1329
4587	2597	2671
4588	1827	357
4589	844	1423
4590	2725	2825
4591	1478	366
4592	322	1672
4593	2459	2445
4594	1044	45
4595	78	1072
4596	2746	2713
4597	1854	166
4598	916	1818
4599	2944	2761
4600	1995	951
4601	92	1830
4602	2283	2811
4603	1976	707
4604	346	1903
4605	2467	2798
4606	1475	124
4607	753	1458
4608	2101	2252
4609	1419	620
4610	676	1708
4611	2294	2669
4612	1530	353
4613	85	1821
4614	2865	2072
4615	1667	349
4616	644	1680
4617	2448	2965
4618	1142	936
4619	790	1800
4620	2091	2309
4621	1087	465
4622	91	1427
4623	2415	2305
4624	1901	254
4625	911	1530
4626	2260	2749
4627	1443	44
4628	993	1541
4629	2964	2011
4630	1455	809
4631	819	1639
4632	2635	2525
4633	1689	961
4634	987	1607
4635	2975	2380
4636	1938	319
4637	43	1293
4638	2351	2831
4639	1874	719
4640	351	1882
4641	2101	2987
4642	1038	95
4643	363	1316
4644	2077	2121
4645	1496	854
4646	789	1655
4647	2483	2331
4648	1406	535
4649	757	1467
4650	2213	2053
4651	1252	627
4652	951	1491
4653	2708	2169
4654	1503	926
4655	718	1543
4656	2164	2305
4657	1543	720
4658	58	1318
4659	2898	2184
4660	1819	763
4661	428	1921
4662	2100	2716
4663	1142	298
4664	747	1673
4665	2768	2083
4666	1663	356
4667	467	1534
4668	2148	2496
4669	1999	417
4670	281	1454
4671	2237	2984
4672	1085	767
4673	86	1602
4674	2039	2092
4675	1793	539
4676	437	1049
4677	2817	2004
4678	1203	387
4679	137	1902
4680	2934	2556
4681	1841	483
4682	215	1522
4683	2278	2904
4684	1796	894
4685	358	1748
4686	2884	2486
4687	1141	86
4688	874	1609
4689	2605	2639
4690	1096	451
4691	433	1650
4692	2153	2115
4693	1900	407
4694	66	1703
4695	2012	2111
4696	1252	190
4697	438	1325
4698	2136	2638
4699	1063	298
4700	868	1056
4701	2019	2413
4702	1598	303
4703	581	1114
4704	2959	2856
4705	1540	917
4706	848	1635
4707	2835	2642
4708	1541	4
4709	48	1177
4710	2228	2001
4711	1880	888
4712	426	1372
4713	2892	2631
4714	1948	874
4715	231	1962
4716	2390	2394
4717	1405	423
4718	789	1493
4719	2336	2979
4720	1751	142
4721	803	1913
4722	2572	2576
4723	1914	487
4724	997	1815
4725	2268	2864
4726	1931	72
4727	779	1491
4728	2534	2683
4729	1643	844
4730	625	1137
4731	2290	2626
4732	1256	258
4733	788	1163
4734	2131	2608
4735	1938	696
4736	860	1048
4737	2118	2906
4738	1679	995
4739	711	1953
4740	2935	2699
4741	1634	189
4742	55	1452
4743	2173	2904
4744	1348	249
4745	119	1749
4746	2374	2562
4747	1187	833
4748	470	1682
4749	2949	2450
4750	1549	371
4751	321	1249
4752	2807	2413
4753	1194	542
4754	617	1373
4755	2880	2469
4756	1237	919
4757	972	1328
4758	2842	2584
4759	1417	838
4760	855	1735
4761	2864	2882
4762	1965	821
4763	225	1348
4764	2903	2496
4765	1424	531
4766	801	1974
4767	2905	2742
4768	1825	405
4769	17	1916
4770	2359	2273
4771	1803	353
4772	326	1720
4773	2295	2258
4774	1234	813
4775	949	1565
4776	2540	2706
4777	1210	229
4778	86	1192
4779	2902	2819
4780	1936	242
4781	211	1816
4782	2142	2756
4783	1056	483
4784	919	1068
4785	2234	2096
4786	1793	274
4787	574	1220
4788	2922	2661
4789	1415	877
4790	972	1297
4791	2078	2162
4792	1182	886
4793	620	1722
4794	2292	2782
4795	1754	795
4796	173	1088
4797	2110	2079
4798	1968	789
4799	725	1214
4800	2917	2542
4801	1737	184
4802	264	1261
4803	2487	2605
4804	1517	477
4805	483	1940
4806	2546	2030
4807	1590	999
4808	351	1118
4809	2524	2033
4810	1192	349
4811	403	1666
4812	2632	2285
4813	1532	723
4814	163	1819
4815	2359	2629
4816	1543	834
4817	328	1392
4818	2182	2704
4819	1008	478
4820	287	1649
4821	2664	2079
4822	1474	906
4823	706	1306
4824	2827	2747
4825	1737	521
4826	86	1118
4827	2973	2034
4828	1829	328
4829	847	1603
4830	2814	2139
4831	1508	861
4832	141	1338
4833	2481	2608
4834	1957	516
4835	603	1937
4836	2158	2055
4837	1216	158
4838	753	1780
4839	2073	2451
4840	1529	639
4841	844	1478
4842	2356	2243
4843	1627	798
4844	684	1807
4845	2573	2024
4846	1294	901
4847	194	1193
4848	2032	2225
4849	1132	230
4850	67	1136
4851	2675	2574
4852	1661	582
4853	828	1448
4854	2360	2735
4855	1821	127
4856	801	1430
4857	2096	2876
4858	1876	393
4859	421	1343
4860	2202	2059
4861	1024	687
4862	451	1994
4863	2132	2411
4864	1673	780
4865	910	1915
4866	2606	2462
4867	1439	766
4868	942	1409
4869	2093	2420
4870	1539	102
4871	527	1803
4872	2494	2181
4873	1179	899
4874	966	1976
4875	2785	2782
4876	1664	932
4877	254	1537
4878	2396	2410
4879	1050	489
4880	802	1690
4881	2228	2668
4882	1720	839
4883	539	1552
4884	2543	2390
4885	1515	570
4886	519	1309
4887	2657	2490
4888	1532	535
4889	696	1474
4890	2727	2098
4891	1287	735
4892	27	1641
4893	2971	2564
4894	1615	275
4895	752	1684
4896	2421	2327
4897	1586	126
4898	18	1782
4899	2553	2210
4900	1332	894
4901	94	1611
4902	2913	2408
4903	1689	884
4904	639	1377
4905	2135	2040
4906	1476	723
4907	662	1408
4908	2571	2345
4909	1559	187
4910	428	1488
4911	2433	2615
4912	1094	508
4913	16	1951
4914	2525	2375
4915	1038	611
4916	243	1555
4917	2433	2486
4918	1881	160
4919	518	1767
4920	2051	2296
4921	1157	161
4922	712	1096
4923	2850	2763
4924	1272	1
4925	637	1237
4926	2775	2594
4927	1695	771
4928	713	1161
4929	2002	2631
4930	1598	353
4931	487	1840
4932	2455	2835
4933	1289	170
4934	668	1458
4935	2333	2966
4936	1924	85
4937	684	1958
4938	2616	2180
4939	1459	716
4940	40	1623
4941	2738	2248
4942	1316	345
4943	139	1986
4944	2907	2090
4945	1273	125
4946	251	1471
4947	2428	2392
4948	1530	267
4949	902	1104
4950	2613	2561
4951	1379	675
4952	795	1482
4953	2378	2912
4954	1924	211
4955	86	1938
4956	2317	2250
4957	1449	190
4958	280	1856
4959	2587	2384
4960	1747	616
4961	712	1275
4962	2135	2385
4963	1973	831
4964	105	1961
4965	2542	2474
4966	1139	928
4967	801	1468
4968	2319	2859
4969	1446	319
4970	560	1698
4971	2070	2381
4972	1533	58
4973	321	1616
4974	2237	2141
4975	1986	541
4976	245	1191
4977	2619	2430
4978	1384	517
4979	690	1151
4980	2623	2832
4981	1088	643
4982	587	1917
4983	2505	2405
4984	1759	943
4985	925	1465
4986	2644	2235
4987	1267	529
4988	521	1081
4989	2702	2748
4990	1487	646
4991	364	1354
4992	2345	2880
4993	1050	530
4994	723	1010
4995	2142	2607
4996	1591	879
4997	109	1046
4998	2705	2466
4999	1665	843
5000	399	1725
5001	2218	2281
5002	1227	186
5003	10	1921
5004	2039	2496
5005	1113	838
5006	376	1813
5007	2808	2131
5008	1383	573
5009	313	1502
5010	2651	2435
5011	1762	923
5012	47	1060
5013	2276	2482
5014	1183	505
5015	197	1681
5016	2239	2823
5017	1390	545
5018	665	1621
5019	2885	2140
5020	1193	660
5021	344	1645
5022	2580	2810
5023	1960	263
5024	598	1408
5025	2722	2958
5026	1407	229
5027	826	1429
5028	2520	2384
5029	1725	728
5030	125	1108
5031	2484	2382
5032	1854	671
5033	369	1111
5034	2066	2011
5035	1997	660
5036	778	1865
5037	2090	2567
5038	1788	554
5039	243	1954
5040	2657	2395
5041	1326	666
5042	561	1838
5043	2281	2668
5044	1233	513
5045	289	1733
5046	2507	2812
5047	1335	930
5048	305	1034
5049	2340	2657
5050	1767	182
5051	805	1544
5052	2429	2747
5053	1847	355
5054	24	1459
5055	2303	2838
5056	1111	660
5057	39	1442
5058	2371	2901
5059	1224	20
5060	660	1110
5061	2524	2387
5062	1174	515
5063	612	1610
5064	2408	2331
5065	1241	840
5066	618	1074
5067	2961	2513
5068	1623	598
5069	194	1012
5070	2613	2344
5071	1812	737
5072	211	1994
5073	2010	2307
5074	1457	265
5075	920	1324
5076	2061	2832
5077	1921	678
5078	242	1457
5079	2179	2717
5080	1178	294
5081	908	1978
5082	2901	2236
5083	1163	621
5084	317	1616
5085	2918	2344
5086	1877	457
5087	597	1155
5088	2084	2280
5089	1013	945
5090	833	1300
5091	2098	2238
5092	1427	333
5093	456	1936
5094	2475	2488
5095	1850	423
5096	8	1113
5097	2426	2796
5098	1475	843
5099	959	1076
5100	2963	2187
5101	1575	784
5102	630	1552
5103	2704	2452
5104	1877	784
5105	88	1045
5106	2030	2051
5107	1263	974
5108	447	1313
5109	2059	2594
5110	1733	145
5111	86	1370
5112	2341	2928
5113	1414	636
5114	726	1866
5115	2006	2343
5116	1898	649
5117	788	1820
5118	2860	2888
5119	1516	545
5120	469	1195
5121	2139	2405
5122	1462	306
5123	671	1559
5124	2084	2574
5125	1027	510
5126	30	1111
5127	2210	2040
5128	1025	848
5129	119	1559
5130	2738	2732
5131	1242	328
5132	198	1847
5133	2548	2484
5134	1010	943
5135	993	1393
5136	2193	2312
5137	1108	231
5138	831	1077
5139	2115	2381
5140	1784	414
5141	455	1046
5142	2099	2592
5143	1479	993
5144	162	1613
5145	2237	2933
5146	1318	48
5147	821	1661
5148	2334	2183
5149	1075	75
5150	781	1432
5151	2562	2319
5152	1856	642
5153	608	1490
5154	2905	2441
5155	1322	403
5156	89	1635
5157	2848	2555
5158	1915	487
5159	175	1009
5160	2136	2643
5161	1173	284
5162	972	1597
5163	2520	2352
5164	1827	572
5165	644	1300
5166	2928	2601
5167	1526	889
5168	198	1415
5169	2332	2420
5170	1751	448
5171	496	1795
5172	2871	2498
5173	1404	235
5174	219	1221
5175	2710	2565
5176	1726	344
5177	26	1793
5178	2217	2500
5179	1375	61
5180	452	1899
5181	2621	2546
5182	1832	228
5183	798	1026
5184	2350	2704
5185	1661	946
5186	33	1490
5187	2738	2713
5188	1045	416
5189	461	1539
5190	2035	2003
5191	1527	409
5192	526	1090
5193	2861	2744
5194	1641	950
5195	108	1908
5196	2431	2759
5197	1631	782
5198	189	1767
5199	2348	2248
5200	1033	615
5201	944	1071
5202	2750	2393
5203	1237	111
5204	553	1871
5205	2592	2953
5206	1085	14
5207	230	1965
5208	2694	2677
5209	1362	680
5210	404	1057
5211	2021	2296
5212	1318	96
5213	835	1783
5214	2766	2321
5215	1166	372
5216	293	1590
5217	2562	2020
5218	1514	559
5219	750	1296
5220	2185	2839
5221	1625	633
5222	322	1402
5223	2949	2753
5224	1414	757
5225	409	1582
5226	2804	2592
5227	1353	74
5228	327	1103
5229	2626	2101
5230	1298	686
5231	113	1188
5232	2298	2157
5233	1746	431
5234	532	1370
5235	2089	2381
5236	1250	235
5237	853	1663
5238	2321	2386
5239	1480	318
5240	222	1757
5241	2815	2417
5242	1185	453
5243	984	1712
5244	2466	2624
5245	1338	782
5246	356	1254
5247	2483	2233
5248	1868	47
5249	432	1360
5250	2012	2887
5251	1764	757
5252	875	1876
5253	2154	2855
5254	1224	319
5255	133	1574
5256	2325	2386
5257	1952	227
5258	981	1607
5259	2221	2452
5260	1775	998
5261	485	1135
5262	2438	2881
5263	1101	519
5264	527	1333
5265	2844	2229
5266	1986	184
5267	628	1047
5268	2285	2254
5269	1522	599
5270	937	1799
5271	2163	2940
5272	1998	143
5273	235	1939
5274	2068	2707
5275	1668	27
5276	269	1019
5277	2881	2027
5278	1113	385
5279	910	1659
5280	2706	2969
5281	1633	10
5282	645	1491
5283	2362	2751
5284	1243	582
5285	720	1156
5286	2564	2755
5287	1873	926
5288	211	1132
5289	2049	2801
5290	1052	428
5291	329	1480
5292	2522	2775
5293	1835	635
5294	132	1085
5295	2413	2691
5296	1921	105
5297	267	1473
5298	2978	2833
5299	1163	303
5300	963	1404
5301	2877	2061
5302	1957	83
5303	834	1841
5304	2290	2593
5305	1826	643
5306	202	1468
5307	2850	2272
5308	1691	984
5309	155	1000
5310	2697	2241
5311	1654	442
5312	207	1537
5313	2832	2266
5314	1517	947
5315	476	1346
5316	2841	2582
5317	1868	926
5318	119	1113
5319	2431	2048
5320	1867	793
5321	721	1562
5322	2762	2412
5323	1816	64
5324	934	1525
5325	2802	2226
5326	1982	563
5327	441	1310
5328	2729	2023
5329	1108	178
5330	796	1829
5331	2117	2130
5332	1781	521
5333	240	1330
5334	2398	2164
5335	1950	714
5336	148	1733
5337	2087	2999
5338	1621	983
5339	253	1604
5340	2351	2054
5341	1642	691
5342	325	1050
5343	2785	2732
5344	1940	403
5345	168	1800
5346	2387	2824
5347	1479	424
5348	480	1770
5349	2490	2575
5350	1446	489
5351	882	1645
5352	2543	2838
5353	1176	458
5354	574	1688
5355	2076	2366
5356	1321	737
5357	31	1513
5358	2439	2483
5359	1304	343
5360	227	1002
5361	2034	2924
5362	1216	958
5363	290	1476
5364	2766	2134
5365	1232	315
5366	178	1448
5367	2461	2171
5368	1842	469
5369	919	1855
5370	2378	2141
5371	1053	342
5372	703	1779
5373	2514	2710
5374	1336	785
5375	492	1470
5376	2933	2318
5377	1674	937
5378	241	1739
5379	2975	2877
5380	1106	555
5381	654	1000
5382	2294	2459
5383	1332	936
5384	942	1231
5385	2563	2087
5386	1808	179
5387	794	1888
5388	2541	2529
5389	1737	98
5390	113	1834
5391	2672	2826
5392	1721	132
5393	138	1172
5394	2929	2225
5395	1504	302
5396	739	1511
5397	2366	2028
5398	1682	48
5399	953	1391
5400	2703	2017
5401	1228	907
5402	571	1659
5403	2191	2771
5404	1768	915
5405	680	1134
5406	2371	2292
5407	1994	442
5408	676	1318
5409	2597	2663
5410	1143	388
5411	766	1389
5412	2861	2599
5413	1241	445
5414	664	1741
5415	2908	2171
5416	1563	359
5417	741	1881
5418	2524	2605
5419	1866	187
5420	224	1050
5421	2402	2906
5422	1833	607
5423	161	1823
5424	2839	2025
5425	1390	531
5426	561	1203
5427	2461	2238
5428	1006	777
5429	361	1674
5430	2925	2797
5431	1105	771
5432	749	1167
5433	2961	2666
5434	1783	483
5435	873	1129
5436	2045	2930
5437	1340	937
5438	303	1734
5439	2971	2509
5440	1759	614
5441	979	1598
5442	2627	2177
5443	1066	989
5444	907	1506
5445	2969	2714
5446	1486	361
5447	383	1412
5448	2928	2369
5449	1833	656
5450	521	1477
5451	2833	2164
5452	1027	121
5453	716	1182
5454	2764	2899
5455	1112	626
5456	653	1972
5457	2477	2611
5458	1428	858
5459	760	1728
5460	2547	2495
5461	1959	251
5462	751	1029
5463	2409	2633
5464	1544	625
5465	403	1371
5466	2159	2543
5467	1800	687
5468	346	1871
5469	2659	2030
5470	1875	589
5471	152	1066
5472	2486	2593
5473	1407	535
5474	95	1127
5475	2431	2760
5476	1181	264
5477	304	1834
5478	2139	2279
5479	1852	945
5480	521	1325
5481	2734	2430
5482	1661	835
5483	521	1953
5484	2299	2216
5485	1049	337
5486	756	1658
5487	2179	2641
5488	1729	435
5489	936	1281
5490	2081	2636
5491	1069	256
5492	555	1999
5493	2196	2708
5494	1104	882
5495	622	1753
5496	2934	2037
5497	1080	170
5498	397	1148
5499	2314	2241
5500	1976	703
5501	152	1126
5502	2659	2378
5503	1021	226
5504	17	1449
5505	2258	2636
5506	1044	342
5507	234	1559
5508	2723	2775
5509	1677	234
5510	558	1175
5511	2678	2784
5512	1235	920
5513	560	1967
5514	2703	2099
5515	1268	680
5516	328	1445
5517	2188	2917
5518	1572	94
5519	382	1460
5520	2985	2379
5521	1801	110
5522	932	1662
5523	2726	2664
5524	1671	506
5525	746	1299
5526	2517	2333
5527	1613	165
5528	589	1996
5529	2006	2647
5530	1602	583
5531	49	1504
5532	2352	2412
5533	1584	945
5534	788	1842
5535	2564	2260
5536	1842	196
5537	686	1829
5538	2317	2416
5539	1496	7
5540	759	1902
5541	2996	2972
5542	1857	489
5543	685	1106
5544	2290	2968
5545	1776	784
5546	276	1116
5547	2383	2456
5548	1520	8
5549	806	1835
5550	2334	2297
5551	1298	46
5552	238	1607
5553	2380	2612
5554	1051	437
5555	105	1246
5556	2707	2563
5557	1003	852
5558	314	1425
5559	2922	2106
5560	1676	515
5561	830	1016
5562	2247	2382
5563	1727	703
5564	568	1450
5565	2775	2641
5566	1507	180
5567	188	1212
5568	2248	2609
5569	1621	569
5570	147	1409
5571	2236	2163
5572	1204	60
5573	855	1328
5574	2851	2558
5575	1498	83
5576	718	1844
5577	2966	2931
5578	1977	454
5579	137	1208
5580	2645	2456
5581	1560	627
5582	447	1024
5583	2676	2939
5584	1906	649
5585	506	1277
5586	2638	2684
5587	1143	568
5588	257	1179
5589	2456	2685
5590	1983	73
5591	238	1519
5592	2371	2885
5593	1165	307
5594	177	1104
5595	2116	2358
5596	1668	683
5597	109	1749
5598	2332	2930
5599	1797	901
5600	732	1272
5601	2729	2586
5602	1599	410
5603	934	1166
5604	2199	2720
5605	1401	832
5606	801	1210
5607	2637	2897
5608	1142	677
5609	382	1639
5610	2520	2488
5611	1480	281
5612	998	1087
5613	2781	2573
5614	1464	554
5615	160	1818
5616	2481	2817
5617	1275	397
5618	807	1249
5619	2186	2990
5620	1990	127
5621	776	1932
5622	2822	2671
5623	1770	107
5624	943	1086
5625	2462	2921
5626	1558	699
5627	623	1168
5628	2266	2229
5629	1421	740
5630	759	1918
5631	2239	2227
5632	1308	19
5633	119	1334
5634	2258	2660
5635	1716	82
5636	840	1614
5637	2290	2784
5638	1739	472
5639	429	1069
5640	2077	2870
5641	1295	881
5642	500	1789
5643	2983	2089
5644	1482	626
5645	405	1033
5646	2415	2889
5647	1989	509
5648	384	1905
5649	2984	2187
5650	1422	351
5651	935	1560
5652	2092	2297
5653	1662	807
5654	354	1855
5655	2735	2304
5656	1071	2
5657	987	1485
5658	2182	2011
5659	1808	62
5660	930	1537
5661	2435	2613
5662	1515	327
5663	801	1569
5664	2174	2809
5665	1587	539
5666	4	1604
5667	2340	2956
5668	1860	922
5669	321	1417
5670	2417	2907
5671	1762	568
5672	233	1285
5673	2424	2502
5674	1610	157
5675	53	1256
5676	2495	2387
5677	1115	656
5678	98	1164
5679	2309	2748
5680	1199	656
5681	633	1082
5682	2493	2183
5683	1465	973
5684	864	1835
5685	2017	2143
5686	1118	614
5687	628	1933
5688	2276	2784
5689	1235	809
5690	601	1932
5691	2204	2863
5692	1480	205
5693	280	1233
5694	2676	2400
5695	1918	727
5696	56	1240
5697	2153	2036
5698	1258	814
5699	861	1380
5700	2195	2769
5701	1321	241
5702	980	1198
5703	2237	2675
5704	1109	83
5705	193	1904
5706	2357	2793
5707	1188	644
5708	872	1565
5709	2226	2391
5710	1932	378
5711	849	1295
5712	2145	2236
5713	1845	668
5714	658	1011
5715	2263	2024
5716	1651	799
5717	575	1049
5718	2724	2007
5719	1237	198
5720	425	1631
5721	2735	2897
5722	1766	346
5723	544	1256
5724	2158	2731
5725	1133	298
5726	213	1043
5727	2917	2930
5728	1925	130
5729	207	1046
5730	2079	2925
5731	1650	861
5732	605	1748
5733	2116	2810
5734	1748	525
5735	59	1999
5736	2657	2255
5737	1960	305
5738	271	1734
5739	2136	2633
5740	1366	450
5741	742	1678
5742	2748	2689
5743	1837	427
5744	578	1370
5745	2847	2780
5746	1787	37
5747	271	1991
5748	2782	2749
5749	1658	840
5750	152	1161
5751	2749	2777
5752	1180	695
5753	546	1427
5754	2147	2808
5755	1593	817
5756	307	1472
5757	2232	2678
5758	1316	511
5759	211	1793
5760	2110	2550
5761	1715	930
5762	138	1609
5763	2069	2675
5764	1451	976
5765	151	1500
5766	2474	2784
5767	1192	206
5768	761	1795
5769	2572	2720
5770	1246	180
5771	34	1474
5772	2656	2821
5773	1641	294
5774	344	1612
5775	2014	2888
5776	1672	50
5777	371	1698
5778	2146	2809
5779	1800	369
5780	825	1278
5781	2838	2575
5782	1178	47
5783	182	1331
5784	2573	2426
5785	1389	975
5786	258	1688
5787	2299	2619
5788	1861	253
5789	208	1425
5790	2137	2634
5791	1292	314
5792	923	1525
5793	2434	2600
5794	1243	772
5795	919	1997
5796	2853	2098
5797	1071	572
5798	443	1082
5799	2335	2324
5800	1302	210
5801	418	1935
5802	2074	2523
5803	1323	428
5804	708	1826
5805	2000	2045
5806	1002	390
5807	520	1935
5808	2582	2349
5809	1863	958
5810	602	1176
5811	2663	2087
5812	1454	99
5813	735	1502
5814	2035	2170
5815	1483	458
5816	348	1460
5817	2055	2600
5818	1566	970
5819	985	1416
5820	2470	2528
5821	1548	524
5822	282	1040
5823	2340	2441
5824	1270	487
5825	162	1117
5826	2674	2047
5827	1715	17
5828	643	1782
5829	2265	2591
5830	1299	816
5831	694	1896
5832	2502	2507
5833	1888	57
5834	583	1673
5835	2864	2036
5836	1008	489
5837	310	1837
5838	2785	2310
5839	1394	341
5840	981	1965
5841	2493	2934
5842	1454	681
5843	939	1658
5844	2740	2346
5845	1824	112
5846	590	1627
5847	2612	2394
5848	1087	0
5849	397	1525
5850	2854	2468
5851	1200	292
5852	246	1622
5853	2933	2252
5854	1672	920
5855	756	1054
5856	2071	2611
5857	1758	700
5858	170	1683
5859	2357	2789
5860	1134	916
5861	802	1019
5862	2961	2965
5863	1589	198
5864	639	1945
5865	2408	2253
5866	1385	620
5867	955	1170
5868	2627	2314
5869	1520	553
5870	52	1445
5871	2195	2480
5872	1501	274
5873	737	1019
5874	2739	2054
5875	1188	477
5876	847	1028
5877	2154	2058
5878	1544	562
5879	1	1855
5880	2068	2610
5881	1952	265
5882	970	1051
5883	2529	2062
5884	1341	260
5885	870	1902
5886	2476	2950
5887	1190	431
5888	728	1580
5889	2352	2697
5890	1369	322
5891	917	1352
5892	2444	2168
5893	1675	347
5894	988	1902
5895	2991	2542
5896	1363	165
5897	96	1476
5898	2628	2205
5899	1169	706
5900	22	1615
5901	2400	2645
5902	1182	323
5903	322	1721
5904	2424	2005
5905	1353	366
5906	987	1781
5907	2423	2440
5908	1438	777
5909	52	1957
5910	2697	2393
5911	1827	941
5912	515	1094
5913	2957	2733
5914	1469	418
5915	862	1036
5916	2284	2915
5917	1098	598
5918	857	1221
5919	2205	2333
5920	1901	330
5921	197	1387
5922	2711	2676
5923	1724	410
5924	647	1031
5925	2395	2777
5926	1840	733
5927	136	1172
5928	2820	2385
5929	1308	402
5930	633	1746
5931	2747	2966
5932	1148	862
5933	512	1773
5934	2631	2199
5935	1962	218
5936	828	1391
5937	2892	2297
5938	1278	123
5939	819	1633
5940	2129	2067
5941	1662	575
5942	594	1848
5943	2636	2400
5944	1217	902
5945	727	1611
5946	2350	2185
5947	1258	917
5948	917	1081
5949	2633	2977
5950	1312	559
5951	427	1042
5952	2052	2731
5953	1836	255
5954	428	1266
5955	2027	2820
5956	1077	854
5957	624	1987
5958	2018	2250
5959	1439	64
5960	447	1945
5961	2646	2506
5962	1770	988
5963	742	1014
5964	2146	2137
5965	1996	264
5966	984	1720
5967	2550	2983
5968	1353	958
5969	317	1085
5970	2969	2075
5971	1740	325
5972	12	1835
5973	2166	2666
5974	1539	591
5975	896	1720
5976	2889	2241
5977	1980	429
5978	202	1343
5979	2101	2240
5980	1394	903
5981	721	1676
5982	2570	2196
5983	1157	846
5984	329	1998
5985	2056	2015
5986	1479	191
5987	90	1046
5988	2853	2863
5989	1480	123
5990	29	1505
5991	2582	2479
5992	1145	666
5993	642	1428
5994	2203	2709
5995	1229	102
5996	28	1463
5997	2253	2650
5998	1371	288
5999	24	1018
