24
134
136
254
330
430
614
654
739
926
947
976
1014
1023
1051
1076
1088
1110
1136
1210
1211
1213
1233
1292
1299
1391
1395
1531
1546
1607
1614
1681
1695
1733
1784
1966
1972
1981
2072
2120
2152
2196
2217
2299
2307
2362
2397
2399
2406
2434
2547
2565
2608
2636
2658
2705
2712
2740
2839
2868
2918
2973
3019
3127
3149
3244
3273
3287
3304
3387
3435
3527
3572
3589
3612
3636
3669
3760
3775
3843
3928
4022
4023
4079
4092
4110
4209
4227
4264
4360
4372
4408
4448
4525
4529
4589
4647
4664
4669
4685
4728
4732
4808
4856
4888
4927
4955
4983
5048
5070
5100
5265
5282
5286
5293
5325
5348
5398
5475
5529
5555
5642
5651
5701
5877
5892
6042
6219
6269
6271
6306
6412
6453
6488
6493
6582
6634
6650
6701
6748
6848
6945
6974
6995
7034
7064
7098
7113
7168
7253
7292
7369
7382
7420
7427
7436
7454
7505
7582
7584
7654
7664
7735
7745
7756
7828
7885
7906
7933
