0	2171	2583
1	1820	550
2	745	1914
3	2596	2080
4	1218	225
5	355	1400
6	2499	2045
7	1535	425
8	510	1751
9	2212	2610
10	1303	235
11	774	1194
12	2587	2516
13	1605	434
14	599	1657
15	2932	2024
16	1958	372
17	993	1934
18	2924	2771
19	1035	211
20	385	1547
21	2723	2203
22	1607	757
23	863	1517
24	2333	2423
25	1155	560
26	54	1388
27	2731	2652
28	1770	410
29	183	1519
30	2469	2335
31	1266	619
32	254	1356
33	2875	2207
34	1430	94
35	47	1688
36	2775	2015
37	1238	426
38	610	1454
39	2810	2549
40	1161	317
41	937	1376
42	2121	2106
43	1924	419
44	408	1400
45	2452	2221
46	1588	141
47	14	1159
48	2347	2583
49	1452	726
50	560	1928
51	2856	2585
52	1477	723
53	826	1691
54	2605	2970
55	1459	246
56	899	1045
57	2452	2503
58	1859	90
59	264	1137
60	2275	2956
61	1773	494
62	153	1317
63	2112	2038
64	1851	556
65	823	1540
66	2742	2948
67	1309	863
68	200	1168
69	2856	2510
70	1926	733
71	790	1365
72	2237	2444
73	1069	805
74	636	1612
75	2537	2336
76	1453	471
77	140	1334
78	2163	2328
79	1705	29
80	775	1572
81	2813	2628
82	1801	210
83	277	1929
84	2499	2841
85	1487	610
86	703	1582
87	2691	2995
88	1689	189
89	733	1718
90	2231	2992
91	1636	936
92	946	1160
93	2371	2668
94	1507	792
95	46	1087
96	2530	2241
97	1465	672
98	990	1147
99	2092	2122
100	1429	872
101	474	1344
102	2100	2176
103	1780	294
104	984	1111
105	2601	2654
106	1088	747
107	467	1345
108	2190	2642
109	1958	444
110	162	1716
111	2636	2730
112	1562	841
113	781	1608
114	2266	2723
115	1633	612
116	569	1604
117	2097	2973
118	1824	732
119	42	1391
120	2708	2198
121	1090	76
122	894	1944
123	2912	2913
124	1187	415
125	151	1830
126	2067	2538
127	1892	679
128	396	1729
129	2542	2207
130	1659	311
131	221	1275
132	2901	2528
133	1202	813
134	873	1858
135	2708	2911
136	1349	173
137	603	1589
138	2235	2219
139	1820	472
140	706	1969
141	2827	2795
142	1484	666
143	816	1538
144	2737	2569
145	1064	593
146	921	1805
147	2554	2567
148	1471	567
149	94	1895
150	2970	2582
151	1443	221
152	647	1772
153	2469	2954
154	1907	342
155	268	1952
156	2631	2974
157	1725	649
158	426	1582
159	2684	2152
160	1670	775
161	280	1189
162	2308	2784
163	1843	474
164	265	1525
165	2037	2830
166	1814	762
167	680	1039
168	2034	2362
169	1789	124
170	579	1711
171	2744	2079
172	1032	283
173	907	1630
174	2108	2453
175	1170	795
176	683	1557
177	2895	2767
178	1667	865
179	318	1314
180	2059	2716
181	1884	71
182	764	1625
183	2436	2364
184	1166	293
185	407	1604
186	2227	2454
187	1814	986
188	121	1376
189	2377	2573
190	1880	619
191	714	1968
192	2713	2278
193	1716	67
194	842	1109
195	2700	2204
196	1769	520
197	246	1912
198	2929	2113
199	1736	976
200	283	1788
201	2288	2163
202	1930	909
203	232	1450
204	2892	2364
205	1300	656
206	498	1869
207	2491	2985
208	1897	614
209	889	1187
210	2805	2671
211	1927	760
212	582	1079
213	2805	2022
214	1214	175
215	238	1340
216	2422	2425
217	1389	999
218	304	1335
219	2143	2385
220	1022	825
221	373	1577
222	2268	2698
223	1216	372
224	162	1452
225	2492	2832
226	1857	433
227	685	1833
228	2950	2381
229	1037	428
230	358	1211
231	2081	2329
232	1496	530
233	347	1035
234	2829	2127
235	1608	392
236	356	1246
237	2911	2502
238	1834	42
239	655	1515
240	2115	2697
241	1964	260
242	454	1878
243	2865	2889
244	1002	352
245	422	1569
246	2180	2405
247	1097	10
248	825	1639
249	2677	2020
250	1621	595
251	433	1725
252	2781	2449
253	1415	933
254	810	1728
255	2450	2361
256	1801	145
257	778	1348
258	2235	2473
259	1557	320
260	64	1282
261	2690	2331
262	1953	325
263	257	1797
264	2350	2660
265	1326	775
266	5	1746
267	2534	2448
268	1330	759
269	126	1302
270	2511	2037
271	1208	206
272	342	1639
273	2595	2663
274	1533	745
275	496	1011
276	2776	2090
277	1983	947
278	586	1014
279	2563	2992
280	1013	49
281	739	1936
282	2922	2468
283	1560	490
284	644	1247
285	2597	2945
286	1673	904
287	72	1226
288	2312	2365
289	1379	645
290	392	1041
291	2474	2464
292	1885	722
293	279	1515
294	2864	2166
295	1913	400
296	659	1581
297	2598	2272
298	1846	751
299	611	1257
300	2527	2639
301	1244	327
302	997	1831
303	2132	2624
304	1133	812
305	200	1527
306	2613	2033
307	1306	440
308	162	1104
309	2998	2106
310	1608	300
311	560	1145
312	2757	2615
313	1635	536
314	72	1752
315	2495	2668
316	1633	47
317	346	1196
318	2175	2594
319	1207	881
320	717	1393
321	2745	2273
322	1234	466
323	394	1021
324	2456	2599
325	1047	269
326	76	1025
327	2912	2020
328	1120	594
329	221	1022
330	2642	2773
331	1988	403
332	951	1434
333	2524	2189
334	1076	115
335	72	1825
336	2896	2046
337	1952	343
338	693	1853
339	2661	2290
340	1581	247
341	218	1795
342	2308	2821
343	1200	524
344	407	1563
345	2288	2152
346	1836	549
347	626	1385
348	2095	2514
349	1019	5
350	721	1050
351	2147	2482
352	1007	60
353	360	1960
354	2128	2032
355	1022	817
356	918	1901
357	2820	2144
358	1630	748
359	878	1011
360	2129	2941
361	1608	37
362	924	1175
363	2352	2571
364	1533	628
365	494	1288
366	2266	2711
367	1775	672
368	651	1928
369	2748	2252
370	1082	274
371	28	1182
372	2113	2254
373	1143	275
374	515	1405
375	2332	2969
376	1448	626
377	576	1060
378	2981	2518
379	1438	580
380	413	1431
381	2018	2674
382	1094	388
383	275	1275
384	2709	2816
385	1956	936
386	74	1216
387	2371	2814
388	1234	992
389	459	1388
390	2075	2058
391	1797	157
392	271	1641
393	2353	2774
394	1331	890
395	952	1769
396	2886	2945
397	1887	852
398	686	1684
399	2042	2466
400	1344	975
401	378	1338
402	2035	2052
403	1937	406
404	854	1914
405	2565	2447
406	1504	60
407	438	1816
408	2663	2625
409	1444	587
410	34	1447
411	2959	2937
412	1687	109
413	385	1371
414	2988	2722
415	1512	29
416	634	1203
417	2734	2132
418	1640	998
419	81	1941
420	2646	2410
421	1125	928
422	950	1292
423	2709	2900
424	1802	313
425	877	1580
426	2676	2205
427	1614	819
428	815	1962
429	2156	2228
430	1847	888
431	714	1271
432	2695	2776
433	1323	799
434	231	1876
435	2379	2996
436	1242	509
437	264	1401
438	2741	2100
439	1273	18
440	178	1878
441	2070	2967
442	1256	57
443	23	1863
444	2102	2771
445	1236	96
446	691	1209
447	2053	2826
448	1973	97
449	371	1253
450	2930	2870
451	1684	167
452	237	1427
453	2852	2543
454	1879	181
455	435	1015
456	2307	2104
457	1159	503
458	341	1450
459	2984	2610
460	1826	464
461	448	1276
462	2932	2748
463	1535	478
464	346	1956
465	2189	2138
466	1400	700
467	281	1807
468	2739	2720
469	1775	529
470	396	1720
471	2503	2775
472	1637	679
473	827	1181
474	2334	2477
475	1307	153
476	731	1619
477	2791	2698
478	1327	538
479	335	1041
480	2792	2600
481	1565	853
482	720	1681
483	2730	2059
484	1594	506
485	922	1454
486	2440	2780
487	1825	479
488	664	1574
489	2938	2865
490	1514	942
491	38	1359
492	2484	2600
493	1323	222
494	639	1084
495	2928	2421
496	1678	411
497	554	1464
498	2464	2302
499	1491	308
500	832	1421
501	2189	2077
502	1190	184
503	592	1722
504	2993	2048
505	1428	353
506	521	1222
507	2353	2274
508	1031	899
509	342	1107
510	2116	2929
511	1513	510
512	981	1786
513	2035	2441
514	1868	44
515	28	1359
516	2105	2359
517	1345	236
518	514	1693
519	2708	2419
520	1458	996
521	847	1831
522	2614	2915
523	1668	62
524	594	1120
525	2448	2945
526	1718	352
527	785	1110
528	2847	2432
529	1078	311
530	622	1208
531	2653	2928
532	1738	996
533	90	1849
534	2864	2543
535	1252	912
536	471	1288
537	2613	2035
538	1366	638
539	125	1091
540	2657	2653
541	1926	57
542	617	1263
543	2778	2021
544	1202	774
545	504	1222
546	2969	2963
547	1186	782
548	470	1491
549	2766	2724
550	1633	482
551	478	1778
552	2108	2996
553	1636	305
554	704	1207
555	2170	2392
556	1987	531
557	180	1817
558	2157	2940
559	1317	464
560	162	1756
561	2937	2597
562	1092	494
563	404	1534
564	2718	2172
565	1224	645
566	756	1179
567	2678	2880
568	1195	557
569	223	1772
570	2704	2779
571	1556	635
572	572	1528
573	2705	2744
574	1354	893
575	107	1657
576	2255	2985
577	1288	388
578	394	1689
579	2716	2183
580	1504	756
581	806	1641
582	2219	2716
583	1636	795
584	967	1605
585	2394	2363
586	1925	619
587	702	1404
588	2758	2217
589	1930	124
590	918	1801
591	2073	2071
592	1176	986
593	375	1584
594	2865	2146
595	1731	887
596	884	1144
597	2338	2220
598	1739	360
599	123	1038
600	2154	2843
601	1335	921
602	783	1066
603	2351	2084
604	1298	198
605	450	1062
606	2162	2183
607	1949	170
608	580	1602
609	2422	2310
610	1155	822
611	908	1329
612	2317	2948
613	1147	79
614	672	1847
615	2264	2710
616	1496	709
617	722	1728
618	2131	2858
619	1708	625
620	492	1512
621	2931	2144
622	1957	929
623	138	1705
624	2144	2686
625	1705	112
626	744	1352
627	2821	2044
628	1405	593
629	93	1787
630	2292	2220
631	1456	938
632	917	1397
633	2713	2566
634	1066	81
635	687	1962
636	2728	2735
637	1939	379
638	214	1813
639	2998	2127
640	1451	708
641	936	1708
642	2215	2932
643	1258	605
644	417	1710
645	2720	2381
646	1697	259
647	457	1513
648	2043	2279
649	1331	390
650	850	1620
651	2081	2038
652	1603	991
653	313	1815
654	2416	2243
655	1048	452
656	310	1289
657	2724	2578
658	1150	976
659	541	1531
660	2252	2225
661	1712	290
662	716	1702
663	2932	2775
664	1646	464
665	357	1316
666	2146	2270
667	1669	201
668	496	1761
669	2062	2216
670	1490	943
671	564	1690
672	2432	2453
673	1591	810
674	146	1111
675	2464	2513
676	1778	68
677	449	1761
678	2187	2244
679	1729	781
680	750	1194
681	2622	2319
682	1634	379
683	720	1322
684	2495	2296
685	1852	182
686	491	1255
687	2662	2709
688	1762	671
689	690	1233
690	2678	2075
691	1838	803
692	670	1211
693	2874	2887
694	1920	741
695	903	1086
696	2875	2302
697	1378	16
698	879	1283
699	2745	2142
700	1303	564
701	183	1554
702	2113	2781
703	1260	805
704	132	1150
705	2428	2919
706	1465	292
707	786	1549
708	2013	2767
709	1017	406
710	479	1048
711	2048	2773
712	1306	444
713	940	1825
714	2614	2551
715	1342	505
716	44	1623
717	2280	2481
718	1344	414
719	355	1104
720	2443	2703
721	1415	690
722	908	1742
723	2419	2561
724	1923	583
725	717	1107
726	2085	2241
727	1895	802
728	25	1757
729	2678	2987
730	1771	999
731	200	1507
732	2360	2579
733	1018	91
734	771	1627
735	2220	2329
736	1937	339
737	913	1078
738	2692	2690
739	1996	289
740	851	1561
741	2710	2040
742	1954	663
743	521	1487
744	2481	2380
745	1476	727
746	574	1046
747	2301	2437
748	1850	311
749	511	1831
750	2241	2779
751	1610	810
752	337	1763
753	2042	2096
754	1002	442
755	552	1465
756	2080	2190
757	1093	690
758	49	1455
759	2480	2855
760	1766	101
761	604	1550
762	2817	2234
763	1444	544
764	464	1754
765	2785	2260
766	1176	574
767	785	1745
768	2679	2400
769	1114	492
770	190	1154
771	2886	2931
772	1464	800
773	131	1119
774	2259	2772
775	1113	867
776	498	1438
777	2830	2706
778	1965	617
779	385	1184
780	2739	2773
781	1949	286
782	533	1994
783	2525	2944
784	1668	124
785	688	1845
786	2629	2416
787	1976	361
788	690	1386
789	2631	2846
790	1880	574
791	83	1217
792	2457	2640
793	1322	562
794	827	1408
795	2541	2102
796	1238	240
797	15	1969
798	2503	2575
799	1472	448
800	697	1453
801	2622	2752
802	1969	733
803	399	1422
804	2987	2800
805	1238	240
806	722	1493
807	2185	2064
808	1089	413
809	453	1782
810	2208	2498
811	1920	389
812	777	1782
813	2949	2402
814	1423	65
815	832	1279
816	2746	2049
817	1073	683
818	289	1326
819	2423	2259
820	1450	410
821	367	1454
822	2843	2942
823	1236	820
824	414	1474
825	2909	2888
826	1695	637
827	187	1400
828	2286	2079
829	1445	119
830	329	1103
831	2309	2713
832	1911	768
833	669	1505
834	2831	2050
835	1928	681
836	883	1332
837	2880	2728
838	1848	476
839	597	1151
840	2480	2550
841	1171	256
842	94	1923
843	2914	2963
844	1790	32
845	590	1802
846	2602	2111
847	1533	466
848	162	1115
849	2634	2970
850	1944	679
851	36	1555
852	2621	2400
853	1027	879
854	300	1094
855	2960	2699
856	1645	356
857	325	1118
858	2140	2084
859	1676	997
860	717	1431
861	2074	2284
862	1784	279
863	557	1237
864	2712	2635
865	1890	27
866	574	1112
867	2955	2017
868	1894	498
869	386	1468
870	2110	2799
871	1853	515
872	930	1342
873	2288	2912
874	1960	877
875	158	1858
876	2235	2023
877	1948	735
878	30	1120
879	2258	2502
880	1152	157
881	717	1465
882	2240	2945
883	1251	973
884	97	1702
885	2463	2293
886	1460	543
887	948	1693
888	2105	2569
889	1585	771
890	442	1819
891	2052	2585
892	1869	441
893	62	1017
894	2184	2018
895	1669	8
896	556	1229
897	2892	2625
898	1265	481
899	990	1885
900	2458	2043
901	1168	237
902	249	1218
903	2481	2120
904	1521	286
905	972	1369
906	2682	2830
907	1072	580
908	911	1975
909	2359	2569
910	1433	446
911	356	1317
912	2823	2925
913	1043	445
914	774	1502
915	2583	2099
916	1991	133
917	898	1393
918	2122	2539
919	1189	218
920	199	1653
921	2741	2652
922	1987	878
923	676	1424
924	2185	2146
925	1670	188
926	764	1160
927	2984	2444
928	1640	508
929	676	1171
930	2632	2697
931	1076	688
932	205	1556
933	2382	2609
934	1491	980
935	687	1667
936	2313	2094
937	1244	635
938	944	1978
939	2036	2702
940	1579	744
941	197	1989
942	2133	2411
943	1309	219
944	305	1564
945	2767	2698
946	1120	719
947	289	1041
948	2070	2870
949	1018	538
950	679	1263
951	2246	2672
952	1304	155
953	618	1624
954	2642	2887
955	1540	924
956	283	1046
957	2479	2814
958	1071	39
959	21	1806
960	2157	2677
961	1514	475
962	287	1148
963	2131	2618
964	1815	169
965	583	1057
966	2783	2922
967	1058	596
968	422	1515
969	2938	2824
970	1650	222
971	158	1336
972	2251	2039
973	1554	994
974	624	1693
975	2269	2004
976	1876	223
977	739	1736
978	2409	2530
979	1442	688
980	864	1899
981	2207	2066
982	1746	86
983	558	1547
984	2387	2952
985	1796	933
986	620	1150
987	2425	2033
988	1183	974
989	776	1239
990	2248	2056
991	1063	882
992	70	1152
993	2091	2022
994	1224	204
995	2	1190
996	2698	2179
997	1484	976
998	527	1148
999	2622	2317
1000	1453	709
1001	598	1903
1002	2486	2026
1003	1807	979
1004	314	1969
1005	2242	2006
1006	1020	650
1007	676	1418
1008	2685	2471
1009	1928	385
1010	399	1682
1011	2223	2864
1012	1419	465
1013	648	1331
1014	2466	2737
1015	1250	388
1016	309	1290
1017	2942	2221
1018	1108	401
1019	995	1289
1020	2206	2518
1021	1707	671
1022	696	1566
1023	2633	2007
1024	1527	347
1025	763	1895
1026	2916	2339
1027	1649	655
1028	532	1881
1029	2390	2078
1030	1608	482
1031	652	1678
1032	2262	2595
1033	1271	964
1034	202	1250
1035	2010	2734
1036	1061	614
1037	345	1270
1038	2227	2801
1039	1510	104
1040	46	1451
1041	2305	2645
1042	1647	899
1043	985	1620
1044	2159	2576
1045	1987	119
1046	328	1252
1047	2197	2211
1048	1992	520
1049	151	1425
1050	2757	2272
1051	1675	983
1052	202	1104
1053	2342	2537
1054	1241	64
1055	884	1506
1056	2071	2797
1057	1025	175
1058	201	1071
1059	2079	2169
1060	1504	457
1061	969	1472
1062	2035	2777
1063	1691	619
1064	794	1434
1065	2083	2350
1066	1262	813
1067	953	1777
1068	2650	2158
1069	1723	861
1070	8	1194
1071	2281	2334
1072	1096	560
1073	389	1814
1074	2230	2600
1075	1544	708
1076	495	1672
1077	2111	2327
1078	1947	45
1079	362	1788
1080	2806	2263
1081	1480	284
1082	865	1534
1083	2170	2571
1084	1053	726
1085	669	1453
1086	2814	2644
1087	1736	968
1088	572	1529
1089	2958	2316
1090	1791	151
1091	522	1279
1092	2602	2135
1093	1423	100
1094	282	1620
1095	2675	2937
1096	1737	757
1097	475	1833
1098	2088	2682
1099	1945	519
1100	384	1682
1101	2628	2840
1102	1520	611
1103	62	1893
1104	2037	2139
1105	1239	997
1106	785	1415
1107	2744	2390
1108	1641	46
1109	245	1442
1110	2885	2126
1111	1960	618
1112	465	1022
1113	2415	2032
1114	1679	968
1115	357	1829
1116	2350	2908
1117	1684	766
1118	526	1640
1119	2902	2095
1120	1158	720
1121	812	1068
1122	2975	2342
1123	1559	977
1124	709	1154
1125	2278	2652
1126	1594	240
1127	804	1696
1128	2647	2185
1129	1179	959
1130	549	1029
1131	2010	2260
1132	1954	650
1133	325	1773
1134	2704	2310
1135	1061	66
1136	866	1457
1137	2753	2949
1138	1471	25
1139	507	1327
1140	2302	2515
1141	1155	489
1142	457	1530
1143	2137	2973
1144	1411	716
1145	772	1433
1146	2256	2233
1147	1648	851
1148	335	1292
1149	2658	2579
1150	1371	582
1151	805	1527
1152	2793	2556
1153	1644	822
1154	903	1867
1155	2152	2073
1156	1752	247
1157	653	1075
1158	2768	2675
1159	1244	926
1160	783	1818
1161	2757	2501
1162	1363	108
1163	920	1636
1164	2947	2971
1165	1347	657
1166	288	1546
1167	2599	2494
1168	1412	111
1169	79	1192
1170	2537	2511
1171	1879	640
1172	236	1509
1173	2269	2670
1174	1606	575
1175	801	1105
1176	2519	2625
1177	1363	479
1178	89	1508
1179	2684	2326
1180	1490	677
1181	963	1766
1182	2165	2528
1183	1351	919
1184	710	1947
1185	2509	2318
1186	1576	191
1187	405	1445
1188	2934	2556
1189	1984	421
1190	124	1238
1191	2319	2832
1192	1763	361
1193	230	1424
1194	2047	2849
1195	1795	610
1196	247	1407
1197	2505	2013
1198	1726	810
1199	561	1327
1200	2919	2649
1201	1891	3
1202	174	1713
1203	2697	2238
1204	1160	377
1205	953	1862
1206	2908	2370
1207	1394	295
1208	402	1396
1209	2913	2275
1210	1336	808
1211	700	1737
1212	2399	2177
1213	1167	723
1214	77	1871
1215	2640	2205
1216	1533	68
1217	629	1622
1218	2105	2900
1219	1937	532
1220	695	1543
1221	2057	2479
1222	1290	525
1223	209	1261
1224	2383	2130
1225	1033	684
1226	635	1736
1227	2277	2055
1228	1865	100
1229	631	1401
1230	2292	2112
1231	1375	64
1232	147	1354
1233	2401	2824
1234	1545	885
1235	533	1124
1236	2712	2617
1237	1642	831
1238	703	1634
1239	2307	2116
1240	1642	408
1241	243	1757
1242	2779	2387
1243	1780	307
1244	239	1762
1245	2787	2272
1246	1666	997
1247	936	1050
1248	2681	2082
1249	1252	364
1250	237	1377
1251	2161	2099
1252	1233	199
1253	180	1745
1254	2177	2024
1255	1645	427
1256	387	1136
1257	2985	2877
1258	1691	458
1259	663	1195
1260	2616	2388
1261	1214	30
1262	5	1562
1263	2042	2773
1264	1167	930
1265	920	1367
1266	2118	2137
1267	1832	636
1268	144	1181
1269	2071	2159
1270	1865	313
1271	812	1164
1272	2871	2772
1273	1434	33
1274	291	1748
1275	2201	2687
1276	1073	765
1277	234	1453
1278	2764	2930
1279	1040	173
1280	891	1394
1281	2887	2870
1282	1695	763
1283	949	1663
1284	2207	2856
1285	1413	539
1286	829	1336
1287	2598	2272
1288	1241	580
1289	692	1045
1290	2246	2836
1291	1873	726
1292	384	1073
1293	2386	2350
1294	1220	407
1295	265	1035
1296	2457	2129
1297	1047	999
1298	182	1595
1299	2641	2210
1300	1933	121
1301	389	1259
1302	2131	2635
1303	1662	597
1304	926	1366
1305	2876	2926
1306	1429	659
1307	706	1404
1308	2569	2161
1309	1221	976
1310	218	1369
1311	2563	2743
1312	1180	540
1313	597	1065
1314	2957	2889
1315	1577	530
1316	542	1995
1317	2767	2120
1318	1916	593
1319	623	1592
1320	2293	2410
1321	1281	299
1322	617	1511
1323	2800	2874
1324	1251	511
1325	591	1567
1326	2430	2040
1327	1426	593
1328	922	1971
1329	2274	2294
1330	1298	526
1331	489	1103
1332	2635	2150
1333	1954	775
1334	283	1726
1335	2696	2759
1336	1672	256
1337	696	1691
1338	2030	2891
1339	1760	399
1340	13	1926
1341	2534	2097
1342	1121	500
1343	162	1426
1344	2219	2956
1345	1030	404
1346	710	1140
1347	2084	2923
1348	1287	907
1349	166	1570
1350	2393	2662
1351	1140	317
1352	552	1796
1353	2732	2677
1354	1051	402
1355	175	1616
1356	2925	2828
1357	1440	66
1358	344	1249
1359	2793	2037
1360	1541	881
1361	802	1407
1362	2241	2348
1363	1904	486
1364	26	1906
1365	2727	2020
1366	1900	725
1367	974	1677
1368	2492	2366
1369	1594	477
1370	20	1092
1371	2943	2655
1372	1670	931
1373	963	1563
1374	2031	2582
1375	1519	841
1376	627	1857
1377	2899	2554
1378	1163	806
1379	450	1985
1380	2546	2410
1381	1935	785
1382	214	1115
1383	2020	2214
1384	1656	175
1385	210	1971
1386	2995	2798
1387	1006	999
1388	653	1616
1389	2793	2505
1390	1438	122
1391	777	1482
1392	2087	2090
1393	1946	665
1394	130	1873
1395	2298	2807
1396	1918	577
1397	118	1806
1398	2971	2558
1399	1211	82
1400	92	1605
1401	2373	2708
1402	1481	374
1403	602	1808
1404	2158	2247
1405	1895	274
1406	160	1235
1407	2211	2902
1408	1668	299
1409	567	1944
1410	2490	2671
1411	1348	13
1412	605	1152
1413	2840	2902
1414	1336	904
1415	346	1318
1416	2633	2284
1417	1431	519
1418	851	1670
1419	2890	2526
1420	1589	230
1421	717	1579
1422	2881	2348
1423	1165	583
1424	68	1360
1425	2157	2661
1426	1191	691
1427	119	1877
1428	2376	2802
1429	1779	541
1430	91	1480
1431	2075	2461
1432	1656	188
1433	100	1465
1434	2486	2692
1435	1595	743
1436	329	1792
1437	2939	2050
1438	1691	920
1439	843	1039
1440	2791	2657
1441	1444	976
1442	919	1899
1443	2358	2959
1444	1987	742
1445	213	1737
1446	2410	2660
1447	1239	929
1448	813	1996
1449	2337	2181
1450	1141	709
1451	106	1622
1452	2096	2667
1453	1708	415
1454	176	1185
1455	2026	2381
1456	1564	610
1457	293	1592
1458	2439	2827
1459	1105	796
1460	82	1037
1461	2154	2772
1462	1690	475
1463	923	1381
1464	2559	2212
1465	1754	42
1466	349	1688
1467	2636	2804
1468	1871	620
1469	73	1577
1470	2459	2835
1471	1341	637
1472	75	1824
1473	2654	2887
1474	1182	342
1475	129	1384
1476	2555	2542
1477	1805	210
1478	21	1092
1479	2408	2620
1480	1952	200
1481	991	1143
1482	2342	2365
1483	1595	175
1484	890	1027
1485	2015	2130
1486	1404	685
1487	290	1027
1488	2204	2158
1489	1594	545
1490	841	1407
1491	2175	2095
1492	1898	385
1493	81	1861
1494	2485	2801
1495	1773	373
1496	728	1922
1497	2477	2444
1498	1102	328
1499	524	1236
1500	2991	2675
1501	1259	927
1502	177	1579
1503	2179	2323
1504	1124	218
1505	715	1023
1506	2820	2055
1507	1967	546
1508	712	1099
1509	2270	2729
1510	1447	518
1511	915	1532
1512	2408	2710
1513	1717	169
1514	432	1053
1515	2874	2355
1516	1704	292
1517	875	1701
1518	2518	2621
1519	1444	462
1520	631	1107
1521	2568	2179
1522	1002	511
1523	316	1348
1524	2990	2165
1525	1354	587
1526	77	1109
1527	2435	2767
1528	1857	292
1529	912	1634
1530	2031	2375
1531	1936	326
1532	94	1733
1533	2028	2691
1534	1544	775
1535	117	1483
1536	2783	2586
1537	1942	275
1538	791	1647
1539	2538	2098
1540	1916	997
1541	304	1342
1542	2247	2266
1543	1430	284
1544	637	1898
1545	2912	2078
1546	1755	315
1547	17	1076
1548	2076	2688
1549	1084	714
1550	83	1860
1551	2307	2738
1552	1140	409
1553	848	1553
1554	2378	2271
1555	1926	987
1556	68	1862
1557	2149	2996
1558	1711	141
1559	668	1858
1560	2822	2305
1561	1135	770
1562	248	1824
1563	2364	2555
1564	1192	116
1565	877	1296
1566	2263	2819
1567	1576	119
1568	464	1419
1569	2846	2977
1570	1355	603
1571	280	1038
1572	2394	2593
1573	1230	21
1574	240	1487
1575	2945	2090
1576	1187	41
1577	955	1445
1578	2618	2347
1579	1110	242
1580	764	1397
1581	2074	2375
1582	1905	675
1583	374	1404
1584	2895	2169
1585	1104	216
1586	85	1300
1587	2719	2452
1588	1440	153
1589	0	1808
1590	2967	2363
1591	1151	454
1592	329	1637
1593	2928	2139
1594	1781	0
1595	331	1835
1596	2224	2614
1597	1099	683
1598	318	1918
1599	2831	2617
1600	1693	257
1601	969	1665
1602	2654	2534
1603	1182	638
1604	549	1436
1605	2001	2175
1606	1898	52
1607	695	1439
1608	2308	2365
1609	1082	288
1610	866	1118
1611	2404	2053
1612	1070	22
1613	634	1113
1614	2531	2326
1615	1680	664
1616	55	1136
1617	2955	2000
1618	1770	859
1619	427	1045
1620	2982	2895
1621	1387	639
1622	693	1914
1623	2271	2516
1624	1080	597
1625	821	1358
1626	2424	2136
1627	1962	707
1628	473	1967
1629	2754	2908
1630	1493	560
1631	183	1672
1632	2955	2568
1633	1736	315
1634	691	1313
1635	2422	2950
1636	1363	282
1637	281	1225
1638	2960	2975
1639	1900	637
1640	916	1837
1641	2237	2489
1642	1657	517
1643	285	1886
1644	2072	2274
1645	1918	583
1646	915	1744
1647	2391	2817
1648	1305	616
1649	678	1071
1650	2036	2293
1651	1899	967
1652	880	1091
1653	2366	2275
1654	1182	611
1655	695	1980
1656	2811	2803
1657	1781	211
1658	160	1445
1659	2964	2514
1660	1296	276
1661	480	1732
1662	2950	2289
1663	1333	771
1664	183	1934
1665	2157	2951
1666	1059	714
1667	774	1274
1668	2467	2884
1669	1774	117
1670	505	1112
1671	2518	2038
1672	1118	430
1673	9	1349
1674	2659	2224
1675	1528	868
1676	674	1220
1677	2806	2556
1678	1398	804
1679	831	1685
1680	2334	2428
1681	1943	449
1682	731	1360
1683	2955	2874
1684	1625	990
1685	304	1760
1686	2205	2248
1687	1466	901
1688	862	1268
1689	2229	2385
1690	1584	951
1691	911	1744
1692	2362	2626
1693	1147	667
1694	551	1545
1695	2168	2781
1696	1327	29
1697	590	1767
1698	2416	2853
1699	1839	202
1700	649	1978
1701	2015	2594
1702	1591	791
1703	343	1161
1704	2973	2362
1705	1284	359
1706	975	1342
1707	2265	2973
1708	1695	151
1709	882	1571
1710	2163	2157
1711	1946	937
1712	190	1861
1713	2935	2620
1714	1705	541
1715	213	1593
1716	2928	2064
1717	1243	116
1718	573	1782
1719	2666	2714
1720	1711	838
1721	570	1781
1722	2041	2624
1723	1338	771
1724	666	1014
1725	2300	2660
1726	1607	809
1727	74	1981
1728	2857	2697
1729	1396	903
1730	925	1539
1731	2929	2282
1732	1984	647
1733	655	1675
1734	2247	2943
1735	1768	263
1736	197	1785
1737	2289	2894
1738	1112	511
1739	705	1318
1740	2899	2390
1741	1331	983
1742	525	1563
1743	2237	2470
1744	1281	989
1745	339	1414
1746	2068	2505
1747	1983	399
1748	161	1281
1749	2869	2929
1750	1960	518
1751	248	1211
1752	2655	2191
1753	1661	847
1754	824	1022
1755	2266	2631
1756	1943	563
1757	201	1969
1758	2589	2628
1759	1703	59
1760	755	1740
1761	2992	2760
1762	1683	103
1763	877	1758
1764	2425	2280
1765	1781	807
1766	148	1108
1767	2900	2350
1768	1327	210
1769	577	1644
1770	2475	2346
1771	1950	396
1772	610	1593
1773	2668	2219
1774	1994	660
1775	93	1494
1776	2241	2332
1777	1932	952
1778	733	1208
1779	2015	2638
1780	1366	160
1781	365	1326
1782	2510	2558
1783	1968	535
1784	828	1585
1785	2926	2783
1786	1104	306
1787	192	1271
1788	2950	2415
1789	1796	99
1790	388	1390
1791	2870	2363
1792	1041	177
1793	680	1302
1794	2451	2536
1795	1771	259
1796	317	1074
1797	2153	2690
1798	1046	925
1799	718	1144
1800	2883	2443
1801	1417	945
1802	730	1121
1803	2867	2546
1804	1596	726
1805	66	1428
1806	2012	2086
1807	1686	306
1808	439	1997
1809	2232	2840
1810	1894	69
1811	884	1412
1812	2463	2306
1813	1947	23
1814	582	1280
1815	2460	2230
1816	1934	241
1817	114	1062
1818	2173	2451
1819	1336	553
1820	831	1512
1821	2903	2002
1822	1426	454
1823	808	1673
1824	2529	2422
1825	1545	57
1826	426	1677
1827	2756	2798
1828	1718	854
1829	100	1880
1830	2181	2254
1831	1819	554
1832	27	1240
1833	2612	2498
1834	1656	650
1835	827	1983
1836	2286	2697
1837	1961	442
1838	805	1281
1839	2449	2873
1840	1731	544
1841	47	1474
1842	2075	2548
1843	1496	654
1844	792	1321
1845	2279	2614
1846	1974	521
1847	482	1839
1848	2121	2316
1849	1517	312
1850	279	1131
1851	2473	2403
1852	1076	710
1853	251	1193
1854	2861	2745
1855	1944	806
1856	949	1402
1857	2119	2517
1858	1584	262
1859	799	1437
1860	2087	2154
1861	1828	372
1862	900	1178
1863	2073	2891
1864	1647	500
1865	158	1901
1866	2917	2208
1867	1149	8
1868	114	1152
1869	2303	2712
1870	1786	344
1871	984	1342
1872	2164	2506
1873	1552	461
1874	770	1834
1875	2758	2968
1876	1187	325
1877	841	1475
1878	2332	2579
1879	1309	454
1880	384	1757
1881	2357	2570
1882	1326	862
1883	854	1185
1884	2398	2739
1885	1420	773
1886	533	1731
1887	2805	2416
1888	1047	833
1889	943	1715
1890	2334	2342
1891	1317	284
1892	425	1230
1893	2721	2391
1894	1627	383
1895	659	1525
1896	2612	2633
1897	1833	282
1898	695	1220
1899	2798	2095
1900	1254	648
1901	859	1507
1902	2993	2009
1903	1549	884
1904	956	1413
1905	2360	2680
1906	1677	909
1907	568	1086
1908	2974	2115
1909	1162	231
1910	451	1766
1911	2288	2753
1912	1927	205
1913	502	1603
1914	2459	2383
1915	1846	596
1916	812	1469
1917	2396	2592
1918	1041	244
1919	620	1622
1920	2178	2160
1921	1776	487
1922	401	1252
1923	2632	2942
1924	1651	171
1925	314	1773
1926	2514	2393
1927	1032	375
1928	974	1829
1929	2167	2890
1930	1052	447
1931	774	1176
1932	2845	2087
1933	1920	78
1934	823	1824
1935	2341	2934
1936	1763	925
1937	490	1906
1938	2609	2088
1939	1675	395
1940	350	1442
1941	2707	2359
1942	1199	454
1943	737	1864
1944	2245	2022
1945	1834	463
1946	491	1023
1947	2430	2219
1948	1822	866
1949	335	1889
1950	2728	2023
1951	1704	924
1952	795	1900
1953	2170	2711
1954	1156	167
1955	223	1066
1956	2311	2285
1957	1186	624
1958	575	1029
1959	2506	2755
1960	1837	442
1961	701	1819
1962	2379	2572
1963	1017	816
1964	25	1715
1965	2427	2472
1966	1720	161
1967	926	1585
1968	2416	2802
1969	1106	807
1970	169	1889
1971	2754	2710
1972	1284	848
1973	961	1388
1974	2207	2495
1975	1325	123
1976	201	1580
1977	2605	2073
1978	1248	605
1979	85	1823
1980	2959	2909
1981	1992	353
1982	477	1522
1983	2267	2337
1984	1124	388
1985	890	1667
1986	2448	2099
1987	1934	514
1988	655	1688
1989	2505	2815
1990	1195	852
1991	191	1927
1992	2242	2790
1993	1838	224
1994	228	1310
1995	2244	2078
1996	1407	521
1997	158	1782
1998	2111	2619
1999	1168	119
2000	398	1401
2001	2900	2580
2002	1111	311
2003	43	1882
2004	2023	2855
2005	1820	935
2006	966	1524
2007	2401	2373
2008	1956	552
2009	345	1963
2010	2897	2578
2011	1426	930
2012	829	1311
2013	2459	2154
2014	1760	772
2015	999	1773
2016	2210	2436
2017	1376	866
2018	567	1073
2019	2914	2920
2020	1549	488
2021	738	1479
2022	2953	2308
2023	1232	217
2024	660	1683
2025	2368	2675
2026	1855	76
2027	133	1927
2028	2591	2584
2029	1215	637
2030	599	1260
2031	2676	2208
2032	1880	832
2033	378	1852
2034	2383	2679
2035	1972	190
2036	790	1946
2037	2877	2823
2038	1009	32
2039	113	1486
2040	2582	2929
2041	1418	44
2042	74	1126
2043	2643	2366
2044	1719	540
2045	120	1368
2046	2434	2630
2047	1675	609
2048	146	1083
2049	2208	2091
2050	1731	663
2051	88	1450
2052	2887	2368
2053	1205	477
2054	385	1344
2055	2895	2792
2056	1991	373
2057	336	1908
2058	2198	2166
2059	1795	961
2060	168	1059
2061	2683	2143
2062	1616	400
2063	951	1510
2064	2667	2812
2065	1845	921
2066	866	1277
2067	2137	2580
2068	1484	86
2069	662	1022
2070	2194	2211
2071	1518	981
2072	875	1174
2073	2849	2401
2074	1806	347
2075	982	1376
2076	2490	2410
2077	1243	504
2078	278	1915
2079	2488	2522
2080	1709	787
2081	382	1546
2082	2136	2195
2083	1266	966
2084	846	1457
2085	2535	2496
2086	1257	827
2087	989	1608
2088	2597	2103
2089	1589	266
2090	316	1505
2091	2869	2834
2092	1946	954
2093	727	1311
2094	2392	2329
2095	1176	946
2096	667	1080
2097	2898	2272
2098	1710	530
2099	579	1037
2100	2863	2291
2101	1153	613
2102	202	1093
2103	2406	2220
2104	1340	377
2105	57	1935
2106	2932	2875
2107	1903	332
2108	214	1104
2109	2209	2817
2110	1597	982
2111	682	1574
2112	2353	2067
2113	1382	778
2114	476	1108
2115	2070	2781
2116	1938	780
2117	739	1605
2118	2364	2102
2119	1209	505
2120	349	1182
2121	2421	2927
2122	1656	750
2123	201	1316
2124	2309	2531
2125	1769	577
2126	253	1322
2127	2045	2592
2128	1294	605
2129	690	1176
2130	2383	2148
2131	1926	499
2132	945	1502
2133	2168	2621
2134	1440	24
2135	838	1269
2136	2976	2156
2137	1173	798
2138	712	1801
2139	2226	2578
2140	1982	960
2141	504	1542
2142	2184	2003
2143	1042	452
2144	903	1917
2145	2953	2910
2146	1314	754
2147	567	1004
2148	2629	2132
2149	1530	852
2150	436	1449
2151	2256	2904
2152	1572	785
2153	140	1578
2154	2829	2624
2155	1501	158
2156	519	1658
2157	2056	2346
2158	1187	176
2159	530	1492
2160	2711	2055
2161	1561	879
2162	560	1587
2163	2426	2288
2164	1102	617
2165	607	1734
2166	2673	2268
2167	1287	139
2168	404	1528
2169	2394	2885
2170	1734	378
2171	343	1448
2172	2715	2440
2173	1624	559
2174	312	1729
2175	2525	2681
2176	1584	517
2177	177	1647
2178	2840	2222
2179	1979	218
2180	330	1638
2181	2019	2357
2182	1001	6
2183	675	1999
2184	2890	2853
2185	1392	165
2186	24	1300
2187	2592	2739
2188	1730	45
2189	785	1655
2190	2038	2131
2191	1789	701
2192	547	1428
2193	2864	2770
2194	1236	762
2195	453	1154
2196	2932	2086
2197	1854	935
2198	849	1527
2199	2289	2045
2200	1772	443
2201	417	1595
2202	2927	2262
2203	1120	1
2204	188	1136
2205	2881	2017
2206	1294	328
2207	801	1813
2208	2024	2983
2209	1435	677
2210	734	1700
2211	2739	2523
2212	1890	241
2213	223	1405
2214	2287	2453
2215	1706	411
2216	910	1101
2217	2498	2525
2218	1354	714
2219	443	1898
2220	2248	2970
2221	1484	488
2222	168	1238
2223	2664	2878
2224	1686	977
2225	428	1052
2226	2931	2046
2227	1178	937
2228	501	1550
2229	2265	2098
2230	1093	556
2231	204	1361
2232	2240	2747
2233	1497	543
2234	805	1887
2235	2100	2549
2236	1589	237
2237	909	1487
2238	2048	2730
2239	1545	177
2240	391	1637
2241	2707	2957
2242	1788	590
2243	683	1312
2244	2484	2409
2245	1561	471
2246	67	1776
2247	2213	2773
2248	1575	171
2249	518	1577
2250	2936	2070
2251	1311	13
2252	358	1745
2253	2242	2228
2254	1389	251
2255	894	1844
2256	2124	2885
2257	1447	250
2258	462	1118
2259	2754	2839
2260	1771	821
2261	931	1356
2262	2496	2432
2263	1780	154
2264	774	1133
2265	2528	2128
2266	1544	836
2267	86	1168
2268	2033	2746
2269	1417	458
2270	534	1061
2271	2622	2558
2272	1926	217
2273	821	1209
2274	2763	2350
2275	1835	436
2276	827	1984
2277	2987	2906
2278	1504	207
2279	201	1542
2280	2215	2702
2281	1997	47
2282	42	1519
2283	2924	2602
2284	1416	531
2285	903	1046
2286	2742	2413
2287	1454	981
2288	404	1088
2289	2984	2019
2290	1571	341
2291	505	1774
2292	2935	2813
2293	1604	753
2294	194	1422
2295	2457	2091
2296	1731	35
2297	980	1959
2298	2847	2290
2299	1518	233
2300	862	1155
2301	2130	2327
2302	1632	582
2303	50	1854
2304	2835	2232
2305	1352	759
2306	832	1064
2307	2650	2802
2308	1085	949
2309	329	1590
2310	2299	2083
2311	1255	570
2312	495	1580
2313	2640	2316
2314	1082	880
2315	547	1307
2316	2922	2902
2317	1258	854
2318	59	1366
2319	2560	2653
2320	1948	312
2321	507	1507
2322	2058	2921
2323	1330	296
2324	687	1804
2325	2601	2418
2326	1005	965
2327	528	1429
2328	2821	2185
2329	1868	143
2330	603	1571
2331	2898	2106
2332	1184	618
2333	562	1005
2334	2495	2483
2335	1006	490
2336	934	1488
2337	2680	2551
2338	1768	744
2339	26	1557
2340	2860	2733
2341	1074	158
2342	994	1767
2343	2895	2946
2344	1378	376
2345	572	1079
2346	2680	2318
2347	1220	650
2348	557	1884
2349	2037	2374
2350	1952	801
2351	51	1123
2352	2100	2614
2353	1319	444
2354	811	1611
2355	2738	2004
2356	1313	371
2357	625	1849
2358	2065	2859
2359	1733	423
2360	299	1226
2361	2585	2369
2362	1148	432
2363	714	1791
2364	2657	2919
2365	1346	620
2366	140	1202
2367	2541	2721
2368	1765	122
2369	430	1331
2370	2651	2879
2371	1325	234
2372	926	1749
2373	2715	2116
2374	1576	567
2375	170	1698
2376	2026	2109
2377	1752	65
2378	792	1495
2379	2381	2328
2380	1608	902
2381	909	1643
2382	2802	2645
2383	1670	524
2384	497	1297
2385	2896	2405
2386	1942	877
2387	933	1031
2388	2593	2782
2389	1285	405
2390	431	1793
2391	2958	2084
2392	1055	234
2393	588	1831
2394	2484	2922
2395	1403	827
2396	697	1598
2397	2793	2334
2398	1629	384
2399	478	1927
2400	2569	2202
2401	1736	106
2402	711	1619
2403	2828	2025
2404	1456	254
2405	347	1400
2406	2323	2758
2407	1753	959
2408	842	1087
2409	2567	2414
2410	1326	846
2411	857	1372
2412	2568	2329
2413	1709	28
2414	736	1270
2415	2155	2943
2416	1272	750
2417	661	1123
2418	2050	2910
2419	1480	463
2420	808	1870
2421	2211	2302
2422	1408	11
2423	101	1067
2424	2636	2300
2425	1001	600
2426	506	1149
2427	2355	2826
2428	1915	270
2429	653	1813
2430	2257	2856
2431	1337	985
2432	135	1064
2433	2626	2087
2434	1337	905
2435	638	1248
2436	2319	2421
2437	1123	10
2438	95	1062
2439	2524	2656
2440	1488	931
2441	639	1051
2442	2383	2432
2443	1148	32
2444	681	1603
2445	2158	2285
2446	1817	956
2447	243	1591
2448	2579	2470
2449	1201	854
2450	876	1325
2451	2306	2339
2452	1886	487
2453	483	1069
2454	2992	2707
2455	1824	923
2456	258	1567
2457	2967	2554
2458	1844	13
2459	424	1034
2460	2248	2813
2461	1054	662
2462	194	1598
2463	2092	2957
2464	1638	848
2465	26	1880
2466	2169	2455
2467	1501	762
2468	381	1265
2469	2916	2427
2470	1867	575
2471	80	1360
2472	2980	2066
2473	1921	342
2474	442	1549
2475	2085	2541
2476	1958	134
2477	938	1699
2478	2331	2503
2479	1280	277
2480	46	1427
2481	2441	2465
2482	1760	951
2483	603	1709
2484	2816	2806
2485	1033	468
2486	62	1872
2487	2557	2920
2488	1100	594
2489	638	1019
2490	2422	2771
2491	1320	647
2492	911	1699
2493	2786	2149
2494	1280	32
2495	83	1727
2496	2948	2545
2497	1073	299
2498	74	1693
2499	2488	2829
2500	1465	219
2501	539	1778
2502	2913	2852
2503	1201	21
2504	461	1377
2505	2921	2101
2506	1215	483
2507	483	1355
2508	2051	2940
2509	1081	473
2510	108	1313
2511	2324	2792
2512	1540	606
2513	851	1373
2514	2016	2133
2515	1660	613
2516	307	1068
2517	2375	2187
2518	1463	825
2519	757	1061
2520	2292	2023
2521	1953	681
2522	517	1361
2523	2009	2951
2524	1951	146
2525	639	1347
2526	2738	2382
2527	1857	211
2528	651	1553
2529	2989	2969
2530	1606	830
2531	533	1540
2532	2647	2673
2533	1248	251
2534	653	1974
2535	2099	2979
2536	1126	175
2537	758	1594
2538	2890	2170
2539	1594	945
2540	272	1628
2541	2856	2524
2542	1081	972
2543	624	1603
2544	2077	2547
2545	1706	78
2546	443	1342
2547	2346	2813
2548	1789	946
2549	348	1675
2550	2039	2732
2551	1627	473
2552	333	1955
2553	2576	2496
2554	1064	843
2555	625	1178
2556	2826	2644
2557	1830	106
2558	10	1371
2559	2807	2984
2560	1971	705
2561	355	1991
2562	2848	2346
2563	1018	249
2564	892	1796
2565	2966	2095
2566	1791	586
2567	122	1285
2568	2099	2709
2569	1518	929
2570	275	1333
2571	2388	2042
2572	1885	646
2573	502	1008
2574	2573	2491
2575	1846	761
2576	203	1394
2577	2031	2714
2578	1644	624
2579	666	1598
2580	2219	2805
2581	1388	552
2582	941	1285
2583	2029	2541
2584	1305	447
2585	519	1905
2586	2499	2333
2587	1995	567
2588	314	1805
2589	2537	2469
2590	1355	324
2591	829	1784
2592	2639	2863
2593	1721	118
2594	671	1226
2595	2238	2927
2596	1609	928
2597	938	1267
2598	2684	2975
2599	1006	633
2600	974	1077
2601	2992	2099
2602	1272	940
2603	711	1586
2604	2189	2193
2605	1755	139
2606	90	1212
2607	2280	2015
2608	1241	865
2609	110	1195
2610	2035	2072
2611	1400	276
2612	406	1893
2613	2906	2063
2614	1045	362
2615	6	1672
2616	2663	2856
2617	1401	89
2618	407	1551
2619	2282	2334
2620	1997	584
2621	304	1712
2622	2085	2048
2623	1728	388
2624	673	1877
2625	2382	2272
2626	1225	181
2627	751	1350
2628	2979	2875
2629	1754	866
2630	400	1415
2631	2964	2795
2632	1244	286
2633	414	1049
2634	2408	2667
2635	1937	399
2636	24	1982
2637	2163	2898
2638	1858	611
2639	319	1318
2640	2697	2873
2641	1273	321
2642	568	1591
2643	2136	2900
2644	1777	887
2645	42	1319
2646	2575	2843
2647	1288	43
2648	768	1258
2649	2072	2663
2650	1035	866
2651	535	1140
2652	2267	2494
2653	1753	589
2654	308	1806
2655	2490	2237
2656	1600	652
2657	602	1241
2658	2330	2947
2659	1040	448
2660	583	1819
2661	2888	2115
2662	1392	774
2663	437	1923
2664	2555	2035
2665	1817	62
2666	772	1817
2667	2177	2246
2668	1276	103
2669	71	1189
2670	2089	2759
2671	1743	581
2672	596	1555
2673	2832	2990
2674	1179	205
2675	278	1663
2676	2683	2681
2677	1905	155
2678	389	1258
2679	2763	2317
2680	1124	895
2681	635	1582
2682	2120	2219
2683	1701	147
2684	607	1410
2685	2400	2398
2686	1071	813
2687	630	1091
2688	2840	2916
2689	1811	978
2690	233	1834
2691	2842	2177
2692	1729	912
2693	647	1130
2694	2344	2539
2695	1210	541
2696	173	1036
2697	2187	2175
2698	1497	524
2699	249	1535
2700	2769	2897
2701	1194	420
2702	796	1459
2703	2589	2293
2704	1312	44
2705	145	1553
2706	2204	2963
2707	1562	225
2708	484	1042
2709	2957	2043
2710	1625	468
2711	712	1685
2712	2905	2078
2713	1490	560
2714	978	1189
2715	2053	2391
2716	1151	472
2717	817	1484
2718	2246	2798
2719	1363	681
2720	570	1857
2721	2339	2363
2722	1218	690
2723	14	1500
2724	2552	2379
2725	1206	902
2726	171	1320
2727	2493	2440
2728	1757	573
2729	10	1445
2730	2571	2730
2731	1616	625
2732	850	1868
2733	2006	2516
2734	1618	153
2735	913	1105
2736	2644	2392
2737	1716	870
2738	904	1610
2739	2529	2682
2740	1864	523
2741	931	1770
2742	2949	2155
2743	1173	624
2744	224	1966
2745	2079	2814
2746	1771	367
2747	726	1612
2748	2806	2073
2749	1158	937
2750	422	1286
2751	2670	2153
2752	1187	533
2753	795	1813
2754	2514	2775
2755	1882	123
2756	299	1193
2757	2357	2679
2758	1500	489
2759	358	1205
2760	2438	2031
2761	1775	882
2762	24	1193
2763	2544	2174
2764	1519	163
2765	108	1392
2766	2493	2414
2767	1942	520
2768	227	1979
2769	2804	2191
2770	1647	168
2771	459	1132
2772	2043	2334
2773	1815	479
2774	634	1869
2775	2360	2808
2776	1240	869
2777	933	1194
2778	2705	2153
2779	1578	154
2780	515	1439
2781	2183	2769
2782	1527	544
2783	910	1952
2784	2229	2371
2785	1814	978
2786	414	1520
2787	2053	2199
2788	1940	95
2789	551	1719
2790	2504	2669
2791	1673	14
2792	786	1867
2793	2543	2402
2794	1140	897
2795	184	1199
2796	2637	2005
2797	1656	121
2798	885	1303
2799	2154	2307
2800	1155	447
2801	143	1279
2802	2767	2283
2803	1177	681
2804	449	1990
2805	2050	2243
2806	1620	415
2807	603	1465
2808	2469	2523
2809	1241	125
2810	27	1530
2811	2082	2557
2812	1612	853
2813	622	1012
2814	2873	2988
2815	1041	404
2816	149	1684
2817	2325	2981
2818	1200	460
2819	943	1987
2820	2721	2822
2821	1734	696
2822	436	1824
2823	2635	2840
2824	1569	821
2825	806	1321
2826	2268	2444
2827	1791	231
2828	955	1199
2829	2684	2214
2830	1905	392
2831	472	1897
2832	2851	2522
2833	1124	85
2834	424	1847
2835	2181	2011
2836	1281	967
2837	759	1470
2838	2538	2580
2839	1170	49
2840	51	1113
2841	2211	2214
2842	1784	913
2843	682	1905
2844	2597	2704
2845	1784	648
2846	627	1709
2847	2565	2778
2848	1582	187
2849	909	1148
2850	2133	2211
2851	1783	530
2852	259	1990
2853	2417	2334
2854	1629	534
2855	720	1563
2856	2959	2451
2857	1210	584
2858	73	1134
2859	2059	2011
2860	1045	445
2861	22	1190
2862	2948	2611
2863	1219	744
2864	850	1007
2865	2819	2148
2866	1326	96
2867	738	1284
2868	2688	2363
2869	1072	707
2870	563	1275
2871	2440	2198
2872	1338	701
2873	862	1814
2874	2524	2608
2875	1949	167
2876	5	1795
2877	2979	2920
2878	1686	209
2879	267	1423
2880	2251	2057
2881	1610	119
2882	778	1640
2883	2949	2234
2884	1374	552
2885	980	1974
2886	2853	2980
2887	1884	979
2888	347	1346
2889	2364	2144
2890	1867	399
2891	840	1965
2892	2211	2436
2893	1270	602
2894	319	1659
2895	2467	2053
2896	1396	44
2897	101	1707
2898	2675	2653
2899	1922	615
2900	729	1389
2901	2124	2402
2902	1275	350
2903	861	1944
2904	2104	2612
2905	1358	477
2906	52	1099
2907	2374	2583
2908	1753	40
2909	430	1636
2910	2936	2701
2911	1919	672
2912	163	1204
2913	2935	2935
2914	1486	357
2915	259	1971
2916	2939	2527
2917	1993	344
2918	768	1518
2919	2307	2156
2920	1154	512
2921	560	1186
2922	2021	2725
2923	1452	701
2924	402	1271
2925	2866	2817
2926	1862	785
2927	34	1814
2928	2944	2875
2929	1107	605
2930	218	1901
2931	2541	2947
2932	1266	330
2933	609	1299
2934	2808	2207
2935	1945	760
2936	978	1051
2937	2307	2361
2938	1971	814
2939	634	1860
2940	2992	2485
2941	1540	159
2942	559	1918
2943	2022	2955
2944	1907	441
2945	84	1346
2946	2443	2594
2947	1742	887
2948	985	1167
2949	2235	2260
2950	1105	805
2951	973	1965
2952	2115	2729
2953	1341	864
2954	826	1672
2955	2733	2890
2956	1014	384
2957	888	1745
2958	2132	2788
2959	1759	902
2960	967	1579
2961	2127	2602
2962	1806	655
2963	966	1428
2964	2027	2065
2965	1029	487
2966	777	1359
2967	2171	2694
2968	1303	52
2969	750	1776
2970	2037	2077
2971	1676	690
2972	837	1891
2973	2994	2096
2974	1657	271
2975	427	1910
2976	2747	2420
2977	1832	386
2978	163	1600
2979	2776	2072
2980	1555	927
2981	330	1003
2982	2524	2043
2983	1583	762
2984	891	1251
2985	2527	2458
2986	1586	296
2987	233	1180
2988	2604	2395
2989	1418	521
2990	26	1121
2991	2922	2065
2992	1214	878
2993	785	1614
2994	2514	2978
2995	1151	175
2996	911	1174
2997	2613	2164
2998	1379	413
2999	203	1559
3000	2325	2295
3001	1658	349
3002	576	1063
3003	2419	2793
3004	1804	119
3005	555	1744
3006	2843	2784
3007	1142	633
3008	950	1404
3009	2727	2390
3010	1476	150
3011	709	1160
3012	2020	2674
3013	1568	101
3014	296	1206
3015	2162	2957
3016	1312	20
3017	249	1475
3018	2476	2111
3019	1243	841
3020	630	1387
3021	2315	2872
3022	1153	297
3023	771	1550
3024	2197	2177
3025	1836	656
3026	325	1710
3027	2973	2872
3028	1938	230
3029	244	1772
3030	2580	2042
3031	1265	689
3032	471	1238
3033	2867	2713
3034	1697	740
3035	538	1880
3036	2366	2785
3037	1525	967
3038	2	1159
3039	2565	2813
3040	1841	355
3041	16	1961
3042	2323	2179
3043	1516	500
3044	164	1112
3045	2841	2822
3046	1833	105
3047	489	1619
3048	2439	2905
3049	1656	620
3050	575	1662
3051	2121	2380
3052	1747	714
3053	487	1504
3054	2159	2313
3055	1173	51
3056	563	1031
3057	2347	2521
3058	1013	773
3059	982	1277
3060	2475	2689
3061	1540	468
3062	713	1766
3063	2165	2033
3064	1611	339
3065	505	1242
3066	2448	2235
3067	1611	993
3068	654	1808
3069	2981	2094
3070	1853	253
3071	374	1443
3072	2172	2380
3073	1374	373
3074	610	1200
3075	2703	2855
3076	1486	523
3077	908	1726
3078	2193	2102
3079	1463	693
3080	81	1113
3081	2335	2300
3082	1303	289
3083	948	1796
3084	2323	2720
3085	1748	539
3086	998	1378
3087	2972	2516
3088	1925	499
3089	731	1611
3090	2196	2281
3091	1464	521
3092	163	1728
3093	2598	2860
3094	1919	215
3095	197	1037
3096	2175	2462
3097	1609	101
3098	2	1767
3099	2577	2353
3100	1699	611
3101	112	1811
3102	2986	2867
3103	1145	656
3104	655	1443
3105	2461	2733
3106	1473	971
3107	86	1692
3108	2155	2084
3109	1819	924
3110	924	1710
3111	2926	2835
3112	1340	765
3113	383	1211
3114	2548	2638
3115	1168	992
3116	276	1320
3117	2147	2432
3118	1450	263
3119	928	1343
3120	2097	2981
3121	1212	978
3122	688	1820
3123	2013	2564
3124	1079	564
3125	877	1657
3126	2945	2069
3127	1236	551
3128	165	1513
3129	2619	2901
3130	1196	75
3131	770	1518
3132	2334	2421
3133	1735	192
3134	942	1164
3135	2275	2072
3136	1643	840
3137	878	1834
3138	2442	2227
3139	1633	103
3140	321	1109
3141	2945	2803
3142	1079	854
3143	744	1221
3144	2034	2281
3145	1672	457
3146	211	1523
3147	2532	2853
3148	1854	582
3149	538	1341
3150	2874	2723
3151	1897	437
3152	480	1178
3153	2842	2120
3154	1788	800
3155	247	1115
3156	2005	2412
3157	1629	322
3158	637	1211
3159	2029	2053
3160	1615	339
3161	101	1882
3162	2030	2323
3163	1053	79
3164	365	1602
3165	2186	2821
3166	1863	589
3167	180	1594
3168	2169	2044
3169	1495	82
3170	448	1438
3171	2181	2088
3172	1756	789
3173	479	1169
3174	2178	2655
3175	1388	656
3176	623	1563
3177	2939	2612
3178	1415	363
3179	625	1506
3180	2062	2634
3181	1509	977
3182	331	1288
3183	2581	2481
3184	1204	505
3185	358	1645
3186	2717	2817
3187	1711	771
3188	574	1406
3189	2175	2540
3190	1542	276
3191	788	1441
3192	2463	2248
3193	1386	48
3194	865	1384
3195	2672	2269
3196	1328	819
3197	681	1541
3198	2599	2023
3199	1932	653
3200	15	1868
3201	2712	2493
3202	1089	741
3203	275	1416
3204	2200	2627
3205	1110	946
3206	556	1091
3207	2307	2897
3208	1454	7
3209	110	1515
3210	2387	2262
3211	1584	474
3212	528	1950
3213	2405	2545
3214	1723	735
3215	673	1360
3216	2512	2696
3217	1745	567
3218	682	1380
3219	2763	2820
3220	1599	234
3221	915	1538
3222	2904	2667
3223	1523	628
3224	515	1380
3225	2645	2272
3226	1193	872
3227	126	1689
3228	2769	2531
3229	1304	587
3230	628	1329
3231	2250	2332
3232	1119	45
3233	996	1527
3234	2668	2212
3235	1684	477
3236	261	1933
3237	2260	2254
3238	1586	691
3239	652	1673
3240	2261	2204
3241	1487	527
3242	661	1930
3243	2693	2806
3244	1619	764
3245	7	1172
3246	2235	2889
3247	1993	871
3248	774	1769
3249	2016	2279
3250	1901	741
3251	582	1586
3252	2346	2011
3253	1433	594
3254	74	1535
3255	2272	2661
3256	1656	985
3257	631	1148
3258	2424	2406
3259	1136	604
3260	431	1593
3261	2225	2203
3262	1579	105
3263	141	1273
3264	2890	2590
3265	1321	645
3266	878	1006
3267	2686	2372
3268	1822	197
3269	921	1189
3270	2890	2710
3271	1282	617
3272	346	1892
3273	2435	2610
3274	1489	989
3275	138	1225
3276	2195	2438
3277	1523	192
3278	546	1958
3279	2580	2108
3280	1913	505
3281	387	1955
3282	2351	2000
3283	1632	965
3284	552	1354
3285	2008	2773
3286	1561	405
3287	955	1340
3288	2939	2440
3289	1252	960
3290	625	1127
3291	2360	2918
3292	1082	324
3293	120	1172
3294	2588	2757
3295	1165	912
3296	790	1566
3297	2233	2048
3298	1443	870
3299	892	1983
3300	2222	2009
3301	1051	414
3302	681	1470
3303	2302	2675
3304	1836	524
3305	561	1702
3306	2130	2349
3307	1932	498
3308	516	1528
3309	2556	2796
3310	1560	156
3311	390	1220
3312	2954	2462
3313	1215	187
3314	671	1003
3315	2441	2254
3316	1935	109
3317	419	1641
3318	2975	2597
3319	1102	911
3320	347	1992
3321	2568	2917
3322	1104	53
3323	47	1037
3324	2815	2469
3325	1369	205
3326	126	1219
3327	2074	2565
3328	1439	837
3329	626	1761
3330	2101	2278
3331	1677	360
3332	0	1250
3333	2899	2283
3334	1187	903
3335	752	1433
3336	2003	2281
3337	1306	309
3338	713	1502
3339	2355	2234
3340	1087	363
3341	120	1704
3342	2515	2209
3343	1971	967
3344	507	1097
3345	2021	2263
3346	1308	561
3347	644	1964
3348	2203	2649
3349	1390	94
3350	764	1932
3351	2773	2514
3352	1877	70
3353	165	1637
3354	2804	2464
3355	1698	324
3356	590	1845
3357	2100	2422
3358	1343	733
3359	303	1865
3360	2307	2414
3361	1792	272
3362	758	1331
3363	2131	2321
3364	1302	281
3365	950	1376
3366	2648	2230
3367	1123	313
3368	833	1155
3369	2098	2139
3370	1837	670
3371	230	1184
3372	2124	2110
3373	1150	815
3374	487	1297
3375	2881	2874
3376	1937	789
3377	299	1473
3378	2607	2078
3379	1585	730
3380	797	1514
3381	2481	2750
3382	1290	44
3383	604	1830
3384	2527	2839
3385	1260	818
3386	667	1538
3387	2848	2635
3388	1013	64
3389	788	1307
3390	2599	2620
3391	1580	232
3392	998	1176
3393	2547	2606
3394	1469	747
3395	941	1299
3396	2973	2882
3397	1382	498
3398	137	1813
3399	2080	2484
3400	1527	655
3401	161	1265
3402	2717	2254
3403	1002	268
3404	469	1254
3405	2952	2692
3406	1764	749
3407	660	1186
3408	2169	2362
3409	1573	611
3410	569	1746
3411	2726	2255
3412	1964	702
3413	117	1469
3414	2034	2878
3415	1979	367
3416	47	1152
3417	2511	2917
3418	1198	836
3419	109	1614
3420	2557	2704
3421	1230	159
3422	917	1017
3423	2325	2426
3424	1019	202
3425	896	1297
3426	2271	2579
3427	1744	892
3428	252	1866
3429	2491	2099
3430	1778	296
3431	93	1512
3432	2073	2472
3433	1611	455
3434	308	1769
3435	2368	2197
3436	1836	474
3437	30	1338
3438	2424	2969
3439	1683	256
3440	611	1102
3441	2608	2210
3442	1383	146
3443	30	1485
3444	2268	2787
3445	1831	297
3446	625	1873
3447	2958	2702
3448	1897	540
3449	952	1935
3450	2472	2303
3451	1852	811
3452	240	1490
3453	2140	2865
3454	1375	894
3455	31	1370
3456	2322	2939
3457	1222	25
3458	818	1463
3459	2765	2503
3460	1276	492
3461	694	1604
3462	2445	2636
3463	1295	476
3464	95	1569
3465	2733	2514
3466	1631	835
3467	89	1594
3468	2989	2078
3469	1074	196
3470	447	1886
3471	2368	2362
3472	1538	590
3473	23	1387
3474	2579	2077
3475	1743	126
3476	406	1090
3477	2496	2829
3478	1355	334
3479	83	1407
3480	2406	2321
3481	1760	794
3482	20	1067
3483	2612	2158
3484	1149	181
3485	52	1837
3486	2405	2891
3487	1123	342
3488	500	1142
3489	2961	2692
3490	1509	649
3491	778	1345
3492	2119	2067
3493	1533	179
3494	890	1455
3495	2080	2079
3496	1362	53
3497	878	1641
3498	2913	2176
3499	1193	273
3500	41	1466
3501	2712	2676
3502	1696	634
3503	867	1484
3504	2837	2315
3505	1888	217
3506	929	1759
3507	2162	2660
3508	1983	39
3509	487	1677
3510	2524	2121
3511	1807	106
3512	507	1283
3513	2427	2586
3514	1861	208
3515	135	1190
3516	2553	2389
3517	1720	970
3518	181	1004
3519	2342	2101
3520	1360	287
3521	182	1295
3522	2269	2387
3523	1814	838
3524	773	1701
3525	2512	2806
3526	1154	132
3527	616	1261
3528	2917	2414
3529	1512	451
3530	173	1620
3531	2744	2005
3532	1483	845
3533	632	1477
3534	2867	2492
3535	1222	586
3536	387	1239
3537	2190	2927
3538	1519	852
3539	733	1791
3540	2964	2847
3541	1424	993
3542	493	1688
3543	2494	2390
3544	1921	656
3545	588	1070
3546	2244	2146
3547	1998	404
3548	714	1327
3549	2872	2581
3550	1904	236
3551	788	1238
3552	2601	2513
3553	1338	812
3554	600	1750
3555	2126	2138
3556	1047	23
3557	659	1394
3558	2516	2711
3559	1670	640
3560	414	1350
3561	2838	2436
3562	1339	904
3563	308	1589
3564	2535	2471
3565	1988	538
3566	91	1218
3567	2339	2444
3568	1802	476
3569	770	1560
3570	2466	2837
3571	1005	601
3572	156	1982
3573	2563	2317
3574	1906	386
3575	662	1665
3576	2194	2802
3577	1715	387
3578	841	1856
3579	2740	2657
3580	1033	838
3581	638	1297
3582	2645	2756
3583	1628	902
3584	965	1643
3585	2698	2532
3586	1539	949
3587	553	1141
3588	2425	2708
3589	1725	561
3590	454	1080
3591	2304	2075
3592	1489	617
3593	711	1184
3594	2809	2394
3595	1116	986
3596	440	1002
3597	2377	2094
3598	1154	32
3599	743	1785
3600	2955	2902
3601	1447	374
3602	742	1045
3603	2869	2562
3604	1155	328
3605	367	1284
3606	2085	2543
3607	1466	654
3608	430	1675
3609	2888	2772
3610	1574	619
3611	230	1493
3612	2273	2342
3613	1815	446
3614	62	1832
3615	2011	2177
3616	1421	795
3617	222	1739
3618	2249	2409
3619	1232	804
3620	400	1693
3621	2153	2456
3622	1767	689
3623	730	1968
3624	2909	2529
3625	1922	472
3626	358	1578
3627	2252	2905
3628	1755	870
3629	683	1196
3630	2735	2585
3631	1968	580
3632	514	1543
3633	2105	2266
3634	1869	452
3635	941	1384
3636	2644	2187
3637	1648	859
3638	70	1366
3639	2016	2995
3640	1530	511
3641	752	1904
3642	2954	2732
3643	1232	524
3644	943	1154
3645	2205	2452
3646	1255	514
3647	516	1937
3648	2384	2757
3649	1771	253
3650	493	1128
3651	2578	2612
3652	1226	709
3653	622	1740
3654	2265	2741
3655	1503	768
3656	12	1554
3657	2927	2472
3658	1632	806
3659	830	1553
3660	2837	2969
3661	1224	207
3662	994	1877
3663	2802	2441
3664	1779	255
3665	53	1839
3666	2479	2457
3667	1964	441
3668	50	1694
3669	2399	2073
3670	1397	733
3671	338	1395
3672	2850	2933
3673	1191	17
3674	706	1458
3675	2792	2211
3676	1342	513
3677	724	1428
3678	2839	2852
3679	1901	319
3680	584	1787
3681	2074	2355
3682	1285	598
3683	136	1950
3684	2200	2103
3685	1444	127
3686	9	1139
3687	2840	2006
3688	1567	310
3689	586	1147
3690	2037	2239
3691	1151	367
3692	698	1388
3693	2351	2350
3694	1611	577
3695	101	1441
3696	2878	2613
3697	1228	644
3698	999	1962
3699	2111	2679
3700	1359	910
3701	882	1955
3702	2760	2506
3703	1724	128
3704	251	1489
3705	2783	2182
3706	1500	253
3707	151	1995
3708	2703	2036
3709	1649	788
3710	219	1049
3711	2256	2043
3712	1222	448
3713	384	1430
3714	2502	2966
3715	1040	837
3716	717	1595
3717	2119	2992
3718	1434	918
3719	50	1241
3720	2558	2237
3721	1632	202
3722	681	1241
3723	2747	2954
3724	1679	257
3725	94	1697
3726	2296	2378
3727	1841	988
3728	326	1202
3729	2966	2178
3730	1092	744
3731	935	1382
3732	2389	2432
3733	1723	313
3734	928	1935
3735	2431	2368
3736	1891	963
3737	429	1669
3738	2000	2146
3739	1956	119
3740	183	1814
3741	2946	2172
3742	1034	717
3743	667	1755
3744	2992	2845
3745	1182	146
3746	987	1470
3747	2443	2971
3748	1017	510
3749	179	1394
3750	2998	2907
3751	1879	347
3752	816	1296
3753	2870	2588
3754	1083	831
3755	871	1327
3756	2942	2418
3757	1215	678
3758	718	1410
3759	2492	2896
3760	1080	171
3761	559	1131
3762	2948	2611
3763	1663	663
3764	373	1523
3765	2871	2283
3766	1108	112
3767	784	1965
3768	2018	2625
3769	1400	957
3770	284	1329
3771	2630	2687
3772	1821	299
3773	120	1858
3774	2370	2228
3775	1502	864
3776	257	1758
3777	2428	2486
3778	1644	842
3779	516	1948
3780	2633	2617
3781	1195	903
3782	638	1446
3783	2904	2094
3784	1370	193
3785	601	1319
3786	2235	2146
3787	1494	15
3788	162	1323
3789	2786	2785
3790	1028	918
3791	585	1229
3792	2147	2621
3793	1783	491
3794	15	1921
3795	2167	2880
3796	1765	317
3797	84	1303
3798	2341	2578
3799	1186	53
3800	345	1924
3801	2747	2345
3802	1093	105
3803	516	1934
3804	2953	2409
3805	1679	317
3806	245	1708
3807	2837	2021
3808	1822	322
3809	430	1880
3810	2374	2876
3811	1188	62
3812	852	1975
3813	2589	2457
3814	1578	870
3815	849	1364
3816	2377	2870
3817	1799	692
3818	825	1733
3819	2777	2712
3820	1221	6
3821	821	1009
3822	2380	2940
3823	1148	219
3824	8	1398
3825	2779	2500
3826	1484	586
3827	83	1831
3828	2003	2551
3829	1511	586
3830	369	1398
3831	2020	2496
3832	1986	73
3833	66	1856
3834	2596	2910
3835	1772	571
3836	865	1776
3837	2134	2247
3838	1588	833
3839	966	1566
3840	2179	2292
3841	1237	941
3842	693	1522
3843	2679	2351
3844	1192	639
3845	418	1715
3846	2272	2706
3847	1427	403
3848	229	1690
3849	2369	2067
3850	1040	634
3851	202	1416
3852	2463	2409
3853	1538	867
3854	443	1533
3855	2074	2548
3856	1899	166
3857	928	1081
3858	2214	2628
3859	1739	682
3860	442	1769
3861	2203	2444
3862	1911	621
3863	357	1687
3864	2599	2292
3865	1199	632
3866	725	1077
3867	2953	2456
3868	1682	252
3869	895	1481
3870	2557	2811
3871	1651	75
3872	203	1397
3873	2226	2178
3874	1916	962
3875	55	1040
3876	2911	2386
3877	1354	604
3878	509	1326
3879	2562	2612
3880	1213	823
3881	915	1315
3882	2669	2145
3883	1427	673
3884	345	1436
3885	2670	2913
3886	1243	583
3887	956	1546
3888	2600	2047
3889	1456	623
3890	758	1595
3891	2957	2777
3892	1418	482
3893	591	1552
3894	2723	2659
3895	1636	135
3896	569	1035
3897	2809	2142
3898	1296	725
3899	263	1484
3900	2372	2244
3901	1516	445
3902	814	1924
3903	2607	2505
3904	1264	23
3905	630	1835
3906	2923	2246
3907	1900	508
3908	781	1654
3909	2388	2945
3910	1228	857
3911	909	1665
3912	2855	2271
3913	1299	463
3914	75	1399
3915	2226	2941
3916	1740	365
3917	153	1594
3918	2289	2996
3919	1446	108
3920	912	1056
3921	2057	2034
3922	1946	772
3923	137	1118
3924	2967	2280
3925	1899	52
3926	224	1284
3927	2251	2506
3928	1289	887
3929	62	1686
3930	2271	2283
3931	1660	317
3932	308	1626
3933	2723	2129
3934	1635	303
3935	642	1556
3936	2238	2809
3937	1744	519
3938	467	1447
3939	2764	2845
3940	1229	127
3941	857	1570
3942	2368	2628
3943	1849	247
3944	16	1060
3945	2695	2969
3946	1735	122
3947	212	1779
3948	2708	2485
3949	1989	669
3950	890	1030
3951	2559	2180
3952	1402	440
3953	251	1667
3954	2958	2170
3955	1673	894
3956	598	1025
3957	2090	2586
3958	1830	909
3959	229	1435
3960	2268	2041
3961	1857	564
3962	688	1117
3963	2525	2258
3964	1750	384
3965	72	1857
3966	2133	2286
3967	1656	392
3968	583	1465
3969	2837	2399
3970	1763	667
3971	589	1887
3972	2939	2216
3973	1167	835
3974	566	1632
3975	2965	2218
3976	1570	404
3977	859	1286
3978	2732	2015
3979	1118	634
3980	772	1131
3981	2274	2618
3982	1063	531
3983	984	1838
3984	2904	2969
3985	1426	931
3986	516	1936
3987	2648	2995
3988	1760	300
3989	523	1835
3990	2483	2820
3991	1065	416
3992	752	1914
3993	2212	2462
3994	1232	756
3995	735	1784
3996	2008	2373
3997	1683	371
3998	637	1948
3999	2528	2893
4000	1923	793
4001	726	1736
4002	2628	2824
4003	1229	744
4004	245	1639
4005	2209	2080
4006	1064	506
4007	958	1501
4008	2638	2324
4009	1459	790
4010	171	1968
4011	2233	2908
4012	1801	511
4013	105	1739
4014	2619	2850
4015	1186	856
4016	974	1891
4017	2916	2477
4018	1543	857
4019	703	1732
4020	2752	2971
4021	1675	649
4022	200	1672
4023	2098	2368
4024	1015	630
4025	699	1726
4026	2688	2258
4027	1125	610
4028	884	1301
4029	2044	2037
4030	1250	33
4031	320	1302
4032	2887	2550
4033	1243	646
4034	593	1136
4035	2256	2542
4036	1723	318
4037	764	1299
4038	2303	2876
4039	1014	450
4040	613	1485
4041	2464	2803
4042	1354	451
4043	805	1903
4044	2805	2414
4045	1503	628
4046	897	1890
4047	2494	2932
4048	1578	195
4049	172	1356
4050	2989	2961
4051	1134	361
4052	687	1097
4053	2700	2221
4054	1275	187
4055	385	1863
4056	2132	2318
4057	1783	998
4058	593	1116
4059	2735	2886
4060	1711	565
4061	959	1134
4062	2467	2847
4063	1301	803
4064	766	1290
4065	2295	2401
4066	1636	366
4067	123	1587
4068	2621	2897
4069	1709	702
4070	323	1377
4071	2486	2131
4072	1425	545
4073	275	1972
4074	2491	2119
4075	1305	88
4076	743	1848
4077	2553	2271
4078	1025	531
4079	874	1790
4080	2856	2234
4081	1193	209
4082	891	1278
4083	2644	2173
4084	1895	395
4085	748	1985
4086	2073	2266
4087	1956	408
4088	306	1123
4089	2925	2148
4090	1735	308
4091	437	1783
4092	2954	2984
4093	1316	221
4094	708	1296
4095	2714	2239
4096	1813	585
4097	757	1333
4098	2181	2869
4099	1323	147
4100	647	1422
4101	2483	2673
4102	1081	222
4103	386	1416
4104	2416	2152
4105	1362	300
4106	614	1462
4107	2982	2683
4108	1037	637
4109	188	1675
4110	2589	2576
4111	1311	234
4112	840	1186
4113	2627	2579
4114	1939	136
4115	297	1042
4116	2044	2435
4117	1404	434
4118	220	1423
4119	2955	2091
4120	1995	910
4121	199	1037
4122	2546	2024
4123	1918	628
4124	773	1706
4125	2729	2026
4126	1103	74
4127	591	1056
4128	2024	2151
4129	1754	68
4130	362	1571
4131	2968	2666
4132	1967	164
4133	653	1819
4134	2253	2780
4135	1198	666
4136	228	1659
4137	2013	2145
4138	1223	2
4139	315	1417
4140	2297	2609
4141	1785	549
4142	815	1845
4143	2974	2058
4144	1052	694
4145	76	1601
4146	2362	2869
4147	1096	429
4148	929	1813
4149	2177	2345
4150	1572	774
4151	833	1944
4152	2848	2559
4153	1049	794
4154	935	1784
4155	2090	2243
4156	1178	641
4157	53	1261
4158	2628	2310
4159	1438	25
4160	396	1987
4161	2411	2292
4162	1132	202
4163	674	1912
4164	2357	2036
4165	1287	271
4166	786	1505
4167	2817	2482
4168	1581	756
4169	608	1712
4170	2223	2574
4171	1483	140
4172	522	1476
4173	2713	2118
4174	1179	853
4175	399	1999
4176	2001	2765
4177	1009	260
4178	397	1634
4179	2728	2680
4180	1562	839
4181	852	1483
4182	2276	2777
4183	1782	392
4184	793	1897
4185	2736	2224
4186	1721	988
4187	653	1675
4188	2859	2211
4189	1608	129
4190	104	1718
4191	2021	2575
4192	1804	837
4193	521	1851
4194	2222	2145
4195	1649	231
4196	42	1577
4197	2867	2923
4198	1130	224
4199	639	1278
4200	2901	2262
4201	1407	457
4202	767	1758
4203	2014	2939
4204	1419	375
4205	951	1310
4206	2676	2292
4207	1095	162
4208	193	1846
4209	2037	2341
4210	1940	909
4211	752	1310
4212	2741	2554
4213	1940	376
4214	345	1101
4215	2289	2087
4216	1164	850
4217	479	1023
4218	2133	2619
4219	1440	466
4220	828	1975
4221	2472	2026
4222	1413	143
4223	82	1670
4224	2896	2678
4225	1564	238
4226	847	1356
4227	2517	2664
4228	1203	510
4229	814	1198
4230	2459	2205
4231	1623	373
4232	373	1175
4233	2869	2384
4234	1168	624
4235	551	1876
4236	2260	2516
4237	1605	356
4238	123	1092
4239	2424	2292
4240	1703	855
4241	753	1180
4242	2090	2321
4243	1113	931
4244	867	1368
4245	2981	2921
4246	1013	87
4247	942	1506
4248	2188	2696
4249	1244	973
4250	176	1244
4251	2799	2253
4252	1826	501
4253	913	1777
4254	2052	2517
4255	1880	513
4256	774	1965
4257	2612	2336
4258	1250	719
4259	213	1725
4260	2652	2600
4261	1466	845
4262	656	1705
4263	2368	2702
4264	1638	341
4265	328	1999
4266	2194	2079
4267	1747	34
4268	502	1336
4269	2792	2626
4270	1604	543
4271	638	1747
4272	2485	2306
4273	1977	703
4274	554	1673
4275	2145	2064
4276	1609	663
4277	568	1494
4278	2134	2966
4279	1240	729
4280	162	1512
4281	2070	2942
4282	1830	234
4283	312	1121
4284	2897	2595
4285	1497	384
4286	310	1297
4287	2658	2669
4288	1009	639
4289	846	1308
4290	2740	2487
4291	1396	646
4292	70	1239
4293	2002	2349
4294	1191	85
4295	985	1338
4296	2424	2291
4297	1602	924
4298	850	1438
4299	2327	2019
4300	1188	275
4301	38	1361
4302	2900	2671
4303	1893	336
4304	244	1209
4305	2352	2692
4306	1793	8
4307	120	1959
4308	2754	2903
4309	1331	905
4310	453	1180
4311	2028	2077
4312	1793	114
4313	6	1214
4314	2851	2185
4315	1728	788
4316	944	1718
4317	2336	2691
4318	1560	379
4319	192	1160
4320	2767	2731
4321	1906	904
4322	455	1704
4323	2724	2370
4324	1965	358
4325	114	1178
4326	2439	2085
4327	1708	396
4328	829	1074
4329	2910	2867
4330	1106	592
4331	756	1324
4332	2080	2780
4333	1170	200
4334	106	1831
4335	2285	2545
4336	1937	883
4337	466	1292
4338	2629	2808
4339	1328	858
4340	638	1552
4341	2266	2896
4342	1931	966
4343	301	1463
4344	2446	2961
4345	1535	468
4346	158	1304
4347	2658	2914
4348	1693	459
4349	925	1353
4350	2950	2340
4351	1313	799
4352	300	1253
4353	2997	2051
4354	1461	120
4355	466	1826
4356	2675	2980
4357	1630	248
4358	593	1836
4359	2502	2996
4360	1154	520
4361	239	1170
4362	2057	2597
4363	1340	686
4364	174	1828
4365	2469	2182
4366	1193	240
4367	539	1777
4368	2732	2335
4369	1648	943
4370	823	1120
4371	2021	2704
4372	1861	191
4373	805	1887
4374	2566	2550
4375	1508	212
4376	505	1746
4377	2036	2121
4378	1043	698
4379	272	1059
4380	2184	2919
4381	1262	13
4382	856	1263
4383	2740	2887
4384	1447	532
4385	469	1972
4386	2513	2834
4387	1391	754
4388	295	1305
4389	2101	2114
4390	1417	590
4391	74	1055
4392	2877	2763
4393	1983	588
4394	61	1984
4395	2900	2769
4396	1458	557
4397	517	1050
4398	2710	2154
4399	1596	575
4400	327	1123
4401	2475	2447
4402	1713	255
4403	772	1556
4404	2837	2997
4405	1118	288
4406	726	1737
4407	2919	2457
4408	1838	311
4409	670	1074
4410	2601	2019
4411	1182	668
4412	802	1647
4413	2819	2592
4414	1845	217
4415	414	1835
4416	2569	2037
4417	1449	144
4418	354	1439
4419	2856	2670
4420	1857	255
4421	872	1525
4422	2475	2521
4423	1231	263
4424	729	1951
4425	2810	2111
4426	1659	385
4427	9	1175
4428	2604	2606
4429	1114	78
4430	785	1351
4431	2182	2949
4432	1011	228
4433	270	1762
4434	2269	2376
4435	1438	685
4436	835	1201
4437	2072	2048
4438	1613	898
4439	503	1019
4440	2841	2339
4441	1287	973
4442	764	1102
4443	2905	2496
4444	1351	174
4445	587	1338
4446	2624	2193
4447	1548	62
4448	375	1698
4449	2508	2903
4450	1513	740
4451	214	1431
4452	2459	2250
4453	1611	795
4454	185	1361
4455	2261	2860
4456	1755	228
4457	213	1971
4458	2757	2555
4459	1418	919
4460	845	1528
4461	2339	2049
4462	1867	670
4463	676	1819
4464	2818	2761
4465	1271	259
4466	555	1306
4467	2335	2400
4468	1717	729
4469	41	1418
4470	2250	2867
4471	1185	148
4472	368	1668
4473	2959	2237
4474	1438	396
4475	290	1716
4476	2180	2876
4477	1717	858
4478	724	1184
4479	2887	2360
4480	1767	635
4481	351	1559
4482	2671	2132
4483	1835	589
4484	317	1312
4485	2140	2311
4486	1184	968
4487	812	1677
4488	2526	2991
4489	1995	393
4490	552	1324
4491	2058	2954
4492	1452	626
4493	932	1378
4494	2016	2707
4495	1279	233
4496	63	1270
4497	2252	2019
4498	1329	819
4499	342	1610
4500	2111	2332
4501	1293	619
4502	866	1522
4503	2073	2253
4504	1665	721
4505	986	1061
4506	2216	2037
4507	1267	698
4508	904	1235
4509	2307	2903
4510	1933	121
4511	898	1244
4512	2388	2528
4513	1719	174
4514	440	1628
4515	2064	2609
4516	1442	801
4517	20	1557
4518	2840	2704
4519	1245	455
4520	886	1207
4521	2329	2545
4522	1653	270
4523	569	1004
4524	2413	2529
4525	1437	383
4526	511	1836
4527	2176	2564
4528	1061	372
4529	56	1798
4530	2403	2325
4531	1182	613
4532	982	1401
4533	2406	2073
4534	1648	861
4535	413	1174
4536	2173	2560
4537	1458	511
4538	709	1581
4539	2164	2448
4540	1067	278
4541	30	1575
4542	2019	2160
4543	1368	571
4544	251	1627
4545	2788	2364
4546	1566	923
4547	626	1276
4548	2790	2146
4549	1612	73
4550	143	1514
4551	2160	2582
4552	1816	92
4553	113	1250
4554	2723	2784
4555	1967	728
4556	693	1377
4557	2320	2805
4558	1401	525
4559	477	1493
4560	2684	2270
4561	1081	337
4562	934	1360
4563	2831	2108
4564	1249	284
4565	80	1488
4566	2699	2023
4567	1446	702
4568	387	1314
4569	2405	2414
4570	1533	15
4571	16	1865
4572	2597	2716
4573	1565	652
4574	579	1728
4575	2999	2087
4576	1384	152
4577	289	1494
4578	2856	2868
4579	1130	586
4580	165	1360
4581	2083	2010
4582	1462	176
4583	536	1531
4584	2989	2100
4585	1124	267
4586	639	1967
4587	2167	2209
4588	1734	187
4589	210	1745
4590	2613	2113
4591	1441	268
4592	801	1225
4593	2321	2353
4594	1910	666
4595	448	1194
4596	2149	2406
4597	1582	247
4598	322	1570
4599	2871	2319
4600	1389	849
4601	237	1915
4602	2549	2578
4603	1924	807
4604	445	1271
4605	2686	2464
4606	1105	564
4607	175	1367
4608	2603	2054
4609	1680	162
4610	746	1813
4611	2822	2276
4612	1391	439
4613	906	1071
4614	2669	2430
4615	1949	499
4616	949	1817
4617	2455	2305
4618	1480	98
4619	895	1995
4620	2690	2115
4621	1820	982
4622	997	1663
4623	2762	2424
4624	1645	611
4625	122	1314
4626	2272	2496
4627	1400	481
4628	706	1447
4629	2077	2985
4630	1449	529
4631	826	1054
4632	2841	2938
4633	1936	789
4634	554	1484
4635	2922	2914
4636	1861	445
4637	721	1043
4638	2163	2910
4639	1906	253
4640	943	1172
4641	2061	2374
4642	1129	62
4643	224	1602
4644	2494	2740
4645	1138	852
4646	756	1988
4647	2209	2650
4648	1618	349
4649	288	1376
4650	2362	2680
4651	1584	189
4652	376	1240
4653	2312	2927
4654	1143	157
4655	174	1814
4656	2947	2017
4657	1382	738
4658	116	1965
4659	2807	2344
4660	1108	48
4661	9	1923
4662	2533	2636
4663	1177	990
4664	885	1927
4665	2945	2808
4666	1413	501
4667	83	1080
4668	2837	2581
4669	1742	195
4670	161	1536
4671	2936	2657
4672	1231	859
4673	78	1418
4674	2055	2039
4675	1848	824
4676	946	1935
4677	2712	2620
4678	1165	628
4679	364	1432
4680	2507	2327
4681	1606	70
4682	363	1260
4683	2884	2629
4684	1083	713
4685	173	1641
4686	2168	2757
4687	1553	986
4688	194	1923
4689	2940	2268
4690	1986	183
4691	477	1778
4692	2638	2785
4693	1722	200
4694	28	1136
4695	2329	2181
4696	1735	935
4697	732	1815
4698	2857	2909
4699	1010	673
4700	88	1884
4701	2032	2242
4702	1877	47
4703	297	1245
4704	2903	2219
4705	1758	628
4706	108	1865
4707	2943	2302
4708	1042	442
4709	358	1802
4710	2243	2867
4711	1417	506
4712	934	1989
4713	2637	2561
4714	1365	386
4715	340	1168
4716	2337	2279
4717	1863	706
4718	625	1023
4719	2730	2965
4720	1178	716
4721	715	1869
4722	2602	2494
4723	1552	489
4724	298	1164
4725	2562	2409
4726	1734	678
4727	152	1578
4728	2307	2154
4729	1834	276
4730	72	1443
4731	2733	2106
4732	1684	611
4733	739	1390
4734	2580	2846
4735	1948	877
4736	86	1494
4737	2870	2876
4738	1040	408
4739	573	1117
4740	2174	2817
4741	1387	706
4742	789	1866
4743	2255	2680
4744	1142	402
4745	66	1151
4746	2444	2071
4747	1580	448
4748	383	1749
4749	2656	2401
4750	1132	469
4751	448	1218
4752	2021	2714
4753	1665	766
4754	18	1000
4755	2358	2591
4756	1457	907
4757	634	1893
4758	2478	2513
4759	1561	919
4760	308	1890
4761	2493	2833
4762	1639	850
4763	418	1232
4764	2572	2602
4765	1580	499
4766	360	1153
4767	2559	2555
4768	1482	444
4769	772	1839
4770	2806	2311
4771	1417	778
4772	301	1779
4773	2949	2239
4774	1108	921
4775	32	1457
4776	2317	2321
4777	1760	191
4778	213	1216
4779	2501	2153
4780	1515	20
4781	158	1815
4782	2470	2031
4783	1209	155
4784	8	1241
4785	2107	2007
4786	1405	765
4787	977	1945
4788	2328	2365
4789	1524	352
4790	695	1146
4791	2503	2547
4792	1669	956
4793	768	1481
4794	2527	2751
4795	1036	430
4796	58	1641
4797	2666	2930
4798	1212	251
4799	149	1552
4800	2078	2475
4801	1460	125
4802	779	1801
4803	2762	2406
4804	1981	703
4805	32	1349
4806	2978	2135
4807	1490	101
4808	915	1668
4809	2954	2185
4810	1226	202
4811	164	1522
4812	2934	2905
4813	1840	617
4814	157	1539
4815	2451	2881
4816	1621	24
4817	69	1035
4818	2978	2874
4819	1678	760
4820	583	1531
4821	2382	2410
4822	1360	579
4823	558	1838
4824	2416	2760
4825	1462	189
4826	62	1619
4827	2110	2857
4828	1782	233
4829	133	1645
4830	2638	2421
4831	1880	707
4832	494	1072
4833	2249	2947
4834	1689	487
4835	824	1571
4836	2970	2459
4837	1143	395
4838	333	1401
4839	2821	2304
4840	1239	500
4841	366	1479
4842	2330	2368
4843	1523	941
4844	402	1231
4845	2152	2165
4846	1060	616
4847	181	1673
4848	2024	2033
4849	1456	130
4850	174	1657
4851	2080	2948
4852	1122	369
4853	337	1033
4854	2485	2699
4855	1280	246
4856	783	1194
4857	2690	2670
4858	1538	432
4859	605	1275
4860	2675	2272
4861	1273	756
4862	892	1568
4863	2320	2959
4864	1977	643
4865	440	1195
4866	2080	2885
4867	1978	449
4868	616	1193
4869	2559	2860
4870	1339	999
4871	845	1381
4872	2217	2253
4873	1214	213
4874	369	1836
4875	2647	2360
4876	1659	480
4877	39	1680
4878	2587	2130
4879	1569	61
4880	115	1809
4881	2916	2509
4882	1345	846
4883	679	1687
4884	2074	2810
4885	1790	344
4886	570	1789
4887	2495	2784
4888	1287	192
4889	396	1095
4890	2081	2377
4891	1202	367
4892	438	1052
4893	2054	2024
4894	1147	106
4895	186	1387
4896	2226	2588
4897	1412	971
4898	170	1183
4899	2175	2426
4900	1189	786
4901	280	1840
4902	2610	2254
4903	1062	186
4904	789	1102
4905	2247	2873
4906	1631	783
4907	60	1946
4908	2408	2972
4909	1863	139
4910	967	1681
4911	2489	2386
4912	1878	60
4913	259	1528
4914	2476	2287
4915	1898	423
4916	162	1057
4917	2742	2785
4918	1217	840
4919	389	1166
4920	2559	2300
4921	1877	610
4922	834	1405
4923	2819	2762
4924	1551	594
4925	205	1050
4926	2127	2637
4927	1756	328
4928	853	1897
4929	2211	2557
4930	1221	176
4931	515	1471
4932	2909	2286
4933	1399	632
4934	590	1571
4935	2783	2616
4936	1014	760
4937	668	1072
4938	2204	2275
4939	1372	242
4940	213	1756
4941	2277	2506
4942	1955	667
4943	686	1955
4944	2164	2509
4945	1035	454
4946	741	1003
4947	2471	2287
4948	1568	472
4949	868	1078
4950	2433	2502
4951	1086	693
4952	474	1224
4953	2519	2281
4954	1597	534
4955	672	1778
4956	2741	2646
4957	1475	653
4958	928	1817
4959	2670	2631
4960	1221	932
4961	371	1300
4962	2654	2899
4963	1753	589
4964	720	1132
4965	2549	2509
4966	1881	44
4967	474	1421
4968	2595	2415
4969	1465	694
4970	769	1139
4971	2292	2669
4972	1472	372
4973	722	1092
4974	2976	2963
4975	1612	142
4976	258	1721
4977	2018	2689
4978	1155	309
4979	664	1584
4980	2232	2595
4981	1998	188
4982	196	1694
4983	2175	2715
4984	1824	671
4985	956	1644
4986	2265	2833
4987	1944	185
4988	225	1217
4989	2090	2876
4990	1132	997
4991	186	1421
4992	2748	2473
4993	1066	93
4994	563	1946
4995	2586	2756
4996	1790	787
4997	299	1765
4998	2706	2728
4999	1286	258
5000	930	1935
5001	2647	2077
5002	1029	258
5003	852	1787
5004	2107	2988
5005	1993	564
5006	674	1983
5007	2551	2605
5008	1828	109
5009	548	1400
5010	2545	2761
5011	1944	699
5012	784	1799
5013	2815	2795
5014	1197	297
5015	108	1783
5016	2501	2093
5017	1803	682
5018	508	1852
5019	2246	2988
5020	1357	65
5021	117	1609
5022	2509	2825
5023	1279	614
5024	432	1709
5025	2429	2114
5026	1486	620
5027	451	1648
5028	2314	2088
5029	1519	870
5030	666	1071
5031	2287	2653
5032	1758	587
5033	487	1657
5034	2497	2677
5035	1679	66
5036	747	1133
5037	2487	2463
5038	1549	807
5039	164	1968
5040	2577	2066
5041	1717	545
5042	959	1696
5043	2121	2954
5044	1264	339
5045	423	1681
5046	2377	2352
5047	1731	441
5048	197	1793
5049	2258	2507
5050	1026	243
5051	437	1693
5052	2329	2675
5053	1963	461
5054	894	1975
5055	2534	2240
5056	1139	661
5057	441	1172
5058	2302	2677
5059	1032	671
5060	283	1602
5061	2058	2901
5062	1502	568
5063	453	1904
5064	2507	2982
5065	1646	163
5066	438	1590
5067	2096	2496
5068	1355	520
5069	266	1270
5070	2587	2265
5071	1722	285
5072	295	1321
5073	2525	2050
5074	1132	876
5075	392	1407
5076	2238	2136
5077	1978	310
5078	32	1145
5079	2958	2197
5080	1914	686
5081	123	1608
5082	2808	2602
5083	1813	112
5084	170	1302
5085	2360	2173
5086	1336	827
5087	856	1367
5088	2017	2205
5089	1901	499
5090	31	1072
5091	2889	2785
5092	1033	996
5093	604	1009
5094	2830	2474
5095	1732	618
5096	553	1000
5097	2361	2020
5098	1456	74
5099	932	1459
5100	2285	2257
5101	1967	851
5102	903	1135
5103	2920	2379
5104	1501	719
5105	952	1430
5106	2806	2764
5107	1763	635
5108	293	1648
5109	2656	2419
5110	1236	898
5111	998	1125
5112	2845	2992
5113	1887	364
5114	796	1688
5115	2274	2209
5116	1986	611
5117	491	1245
5118	2863	2053
5119	1701	164
5120	953	1969
5121	2779	2026
5122	1911	256
5123	947	1000
5124	2727	2651
5125	1390	116
5126	368	1358
5127	2417	2723
5128	1628	516
5129	155	1304
5130	2474	2711
5131	1468	708
5132	852	1645
5133	2116	2365
5134	1538	49
5135	61	1610
5136	2984	2105
5137	1385	102
5138	799	1904
5139	2790	2457
5140	1042	225
5141	568	1120
5142	2123	2630
5143	1231	389
5144	630	1403
5145	2350	2788
5146	1592	148
5147	158	1919
5148	2380	2769
5149	1970	848
5150	217	1336
5151	2319	2274
5152	1559	647
5153	84	1478
5154	2284	2557
5155	1708	180
5156	543	1595
5157	2547	2896
5158	1446	57
5159	593	1036
5160	2421	2800
5161	1806	885
5162	822	1968
5163	2790	2955
5164	1148	795
5165	128	1238
5166	2961	2007
5167	1459	222
5168	869	1355
5169	2987	2370
5170	1443	517
5171	118	1666
5172	2255	2441
5173	1442	321
5174	39	1342
5175	2334	2926
5176	1399	71
5177	190	1187
5178	2853	2112
5179	1471	737
5180	399	1660
5181	2042	2720
5182	1254	343
5183	394	1510
5184	2434	2443
5185	1367	661
5186	357	1592
5187	2066	2910
5188	1130	430
5189	178	1770
5190	2182	2324
5191	1756	280
5192	745	1929
5193	2015	2932
5194	1309	499
5195	90	1459
5196	2628	2984
5197	1829	28
5198	850	1488
5199	2231	2348
5200	1559	827
5201	477	1695
5202	2222	2204
5203	1627	533
5204	706	1590
5205	2117	2939
5206	1311	83
5207	487	1400
5208	2210	2008
5209	1588	421
5210	52	1120
5211	2723	2433
5212	1852	644
5213	323	1719
5214	2976	2781
5215	1517	708
5216	32	1893
5217	2726	2302
5218	1708	132
5219	234	1583
5220	2462	2658
5221	1622	970
5222	680	1259
5223	2450	2340
5224	1339	605
5225	676	1931
5226	2433	2967
5227	1541	507
5228	114	1456
5229	2073	2539
5230	1843	53
5231	24	1687
5232	2773	2240
5233	1280	527
5234	602	1566
5235	2552	2149
5236	1415	132
5237	75	1049
5238	2933	2588
5239	1692	451
5240	335	1787
5241	2198	2048
5242	1059	214
5243	222	1442
5244	2658	2991
5245	1047	771
5246	416	1432
5247	2970	2256
5248	1894	701
5249	403	1672
5250	2269	2795
5251	1672	183
5252	134	1011
5253	2989	2411
5254	1110	841
5255	991	1698
5256	2921	2972
5257	1977	780
5258	358	1045
5259	2387	2200
5260	1033	717
5261	939	1583
5262	2805	2641
5263	1427	636
5264	674	1645
5265	2029	2695
5266	1691	941
5267	863	1697
5268	2958	2429
5269	1877	449
5270	236	1621
5271	2173	2618
5272	1341	981
5273	261	1908
5274	2043	2295
5275	1990	16
5276	70	1643
5277	2671	2876
5278	1560	661
5279	577	1000
5280	2236	2784
5281	1516	973
5282	459	1188
5283	2139	2392
5284	1264	596
5285	969	1851
5286	2987	2300
5287	1322	383
5288	10	1537
5289	2237	2321
5290	1676	341
5291	734	1770
5292	2321	2419
5293	1539	616
5294	375	1074
5295	2471	2313
5296	1634	213
5297	198	1147
5298	2218	2368
5299	1756	809
5300	684	1400
5301	2750	2357
5302	1856	752
5303	305	1958
5304	2045	2473
5305	1324	474
5306	236	1666
5307	2664	2320
5308	1212	392
5309	466	1294
5310	2665	2167
5311	1516	205
5312	610	1628
5313	2920	2718
5314	1118	793
5315	271	1766
5316	2426	2366
5317	1518	347
5318	517	1815
5319	2271	2984
5320	1759	906
5321	506	1854
5322	2879	2837
5323	1716	140
5324	660	1040
5325	2553	2495
5326	1055	776
5327	490	1964
5328	2120	2713
5329	1098	499
5330	591	1156
5331	2292	2086
5332	1951	757
5333	312	1679
5334	2914	2181
5335	1178	476
5336	474	1348
5337	2762	2007
5338	1659	275
5339	270	1601
5340	2876	2750
5341	1874	329
5342	123	1086
5343	2324	2962
5344	1574	311
5345	88	1090
5346	2061	2192
5347	1809	754
5348	938	1129
5349	2323	2216
5350	1106	241
5351	646	1498
5352	2892	2964
5353	1278	170
5354	789	1777
5355	2339	2732
5356	1628	49
5357	629	1263
5358	2601	2426
5359	1932	425
5360	180	1894
5361	2678	2349
5362	1365	375
5363	317	1710
5364	2022	2766
5365	1257	571
5366	424	1740
5367	2710	2122
5368	1801	513
5369	978	1124
5370	2047	2501
5371	1329	79
5372	399	1650
5373	2276	2203
5374	1973	82
5375	881	1876
5376	2001	2409
5377	1425	399
5378	102	1496
5379	2094	2308
5380	1912	748
5381	26	1910
5382	2642	2244
5383	1774	500
5384	838	1490
5385	2096	2588
5386	1313	439
5387	288	1474
5388	2592	2215
5389	1991	304
5390	275	1442
5391	2737	2612
5392	1045	722
5393	795	1654
5394	2613	2704
5395	1895	754
5396	991	1573
5397	2631	2649
5398	1422	712
5399	822	1937
5400	2774	2692
5401	1714	612
5402	289	1895
5403	2674	2569
5404	1052	312
5405	600	1391
5406	2711	2207
5407	1947	325
5408	763	1561
5409	2319	2202
5410	1877	823
5411	855	1399
5412	2021	2982
5413	1644	371
5414	430	1448
5415	2154	2094
5416	1346	576
5417	73	1579
5418	2630	2627
5419	1789	764
5420	813	1009
5421	2057	2651
5422	1481	800
5423	497	1789
5424	2137	2385
5425	1204	29
5426	99	1743
5427	2688	2024
5428	1455	325
5429	921	1175
5430	2864	2813
5431	1100	459
5432	641	1481
5433	2839	2996
5434	1238	997
5435	663	1608
5436	2791	2553
5437	1107	184
5438	756	1284
5439	2900	2127
5440	1449	409
5441	657	1431
5442	2377	2959
5443	1141	181
5444	188	1626
5445	2691	2847
5446	1710	474
5447	840	1335
5448	2040	2557
5449	1380	38
5450	704	1410
5451	2176	2209
5452	1286	503
5453	705	1991
5454	2529	2010
5455	1967	126
5456	895	1340
5457	2613	2809
5458	1789	311
5459	842	1609
5460	2858	2458
5461	1039	728
5462	748	1273
5463	2043	2618
5464	1039	688
5465	422	1485
5466	2272	2505
5467	1094	768
5468	137	1264
5469	2662	2198
5470	1411	977
5471	38	1194
5472	2332	2813
5473	1229	546
5474	551	1994
5475	2542	2428
5476	1284	683
5477	908	1941
5478	2659	2560
5479	1612	914
5480	11	1113
5481	2955	2509
5482	1194	415
5483	351	1168
5484	2439	2100
5485	1356	520
5486	690	1861
5487	2693	2928
5488	1937	763
5489	789	1188
5490	2151	2710
5491	1822	66
5492	871	1468
5493	2645	2601
5494	1835	876
5495	965	1212
5496	2293	2189
5497	1489	892
5498	896	1919
5499	2138	2540
5500	1321	72
5501	386	1508
5502	2479	2588
5503	1808	157
5504	817	1746
5505	2566	2463
5506	1605	366
5507	734	1436
5508	2367	2845
5509	1461	88
5510	268	1518
5511	2992	2227
5512	1493	955
5513	866	1236
5514	2297	2642
5515	1152	755
5516	209	1565
5517	2182	2054
5518	1400	875
5519	461	1899
5520	2117	2134
5521	1315	538
5522	810	1723
5523	2209	2302
5524	1077	563
5525	469	1729
5526	2464	2507
5527	1798	765
5528	177	1228
5529	2526	2837
5530	1667	62
5531	768	1024
5532	2024	2707
5533	1939	200
5534	801	1697
5535	2214	2479
5536	1268	918
5537	541	1093
5538	2332	2880
5539	1778	120
5540	330	1474
5541	2267	2113
5542	1766	166
5543	408	1880
5544	2251	2234
5545	1741	425
5546	796	1213
5547	2717	2721
5548	1730	554
5549	153	1767
5550	2820	2364
5551	1984	542
5552	258	1203
5553	2887	2394
5554	1885	400
5555	582	1836
5556	2528	2636
5557	1617	647
5558	649	1684
5559	2889	2234
5560	1693	872
5561	379	1095
5562	2877	2857
5563	1615	906
5564	717	1417
5565	2049	2881
5566	1998	390
5567	281	1032
5568	2093	2365
5569	1340	660
5570	878	1650
5571	2167	2966
5572	1264	513
5573	763	1709
5574	2083	2282
5575	1920	562
5576	552	1851
5577	2587	2137
5578	1902	873
5579	196	1140
5580	2738	2335
5581	1081	499
5582	633	1063
5583	2830	2282
5584	1712	49
5585	912	1598
5586	2936	2553
5587	1476	609
5588	232	1598
5589	2037	2262
5590	1644	347
5591	483	1546
5592	2070	2155
5593	1584	566
5594	389	1141
5595	2393	2527
5596	1241	983
5597	62	1098
5598	2920	2071
5599	1099	970
5600	892	1760
5601	2215	2570
5602	1706	716
5603	649	1405
5604	2006	2606
5605	1478	825
5606	644	1725
5607	2137	2132
5608	1012	31
5609	167	1688
5610	2287	2925
5611	1046	338
5612	355	1604
5613	2662	2587
5614	1286	925
5615	623	1538
5616	2238	2961
5617	1313	368
5618	945	1530
5619	2141	2068
5620	1390	845
5621	773	1330
5622	2953	2071
5623	1221	332
5624	93	1648
5625	2728	2554
5626	1637	598
5627	157	1007
5628	2730	2776
5629	1916	660
5630	466	1478
5631	2409	2010
5632	1005	495
5633	13	1960
5634	2861	2091
5635	1017	556
5636	446	1226
5637	2540	2733
5638	1139	641
5639	587	1945
5640	2805	2337
5641	1882	609
5642	251	1669
5643	2480	2601
5644	1646	24
5645	497	1447
5646	2459	2124
5647	1981	756
5648	480	1105
5649	2447	2160
5650	1204	728
5651	418	1589
5652	2060	2075
5653	1432	158
5654	254	1349
5655	2596	2470
5656	1833	653
5657	887	1041
5658	2304	2637
5659	1351	702
5660	150	1690
5661	2105	2222
5662	1377	432
5663	523	1770
5664	2057	2841
5665	1891	186
5666	896	1672
5667	2910	2226
5668	1786	807
5669	660	1261
5670	2900	2823
5671	1347	470
5672	681	1320
5673	2941	2540
5674	1932	462
5675	743	1587
5676	2341	2836
5677	1823	304
5678	4	1690
5679	2187	2532
5680	1400	525
5681	244	1030
5682	2723	2093
5683	1590	101
5684	23	1560
5685	2962	2915
5686	1347	762
5687	249	1246
5688	2789	2211
5689	1194	642
5690	406	1879
5691	2696	2285
5692	1865	444
5693	878	1845
5694	2735	2265
5695	1710	179
5696	867	1237
5697	2250	2869
5698	1729	372
5699	924	1606
5700	2436	2931
5701	1527	384
5702	167	1733
5703	2955	2204
5704	1835	835
5705	775	1213
5706	2105	2541
5707	1609	124
5708	405	1994
5709	2578	2879
5710	1659	877
5711	629	1342
5712	2792	2784
5713	1337	552
5714	580	1758
5715	2632	2052
5716	1105	447
5717	893	1177
5718	2053	2859
5719	1541	65
5720	204	1945
5721	2560	2426
5722	1204	448
5723	635	1055
5724	2674	2786
5725	1562	965
5726	727	1128
5727	2230	2250
5728	1056	99
5729	139	1333
5730	2380	2760
5731	1729	856
5732	807	1958
5733	2804	2874
5734	1354	460
5735	378	1680
5736	2007	2317
5737	1821	682
5738	869	1633
5739	2237	2394
5740	1613	416
5741	45	1726
5742	2711	2055
5743	1956	23
5744	218	1246
5745	2581	2049
5746	1174	110
5747	645	1466
5748	2870	2990
5749	1776	130
5750	423	1612
5751	2959	2438
5752	1234	178
5753	851	1103
5754	2821	2710
5755	1225	997
5756	952	1591
5757	2044	2540
5758	1102	510
5759	94	1701
5760	2535	2508
5761	1351	32
5762	841	1956
5763	2868	2183
5764	1885	546
5765	919	1799
5766	2885	2878
5767	1258	977
5768	569	1281
5769	2658	2777
5770	1953	34
5771	458	1739
5772	2883	2921
5773	1224	121
5774	321	1678
5775	2799	2920
5776	1885	220
5777	982	1792
5778	2063	2440
5779	1111	250
5780	773	1877
5781	2129	2659
5782	1937	328
5783	244	1091
5784	2493	2427
5785	1496	127
5786	989	1885
5787	2514	2696
5788	1532	185
5789	183	1882
5790	2254	2099
5791	1003	438
5792	639	1398
5793	2049	2959
5794	1367	356
5795	394	1004
5796	2070	2876
5797	1018	258
5798	563	1850
5799	2052	2032
5800	1133	282
5801	765	1969
5802	2414	2848
5803	1390	974
5804	913	1768
5805	2391	2706
5806	1665	580
5807	860	1504
5808	2001	2779
5809	1489	580
5810	563	1633
5811	2232	2064
5812	1684	307
5813	177	1205
5814	2209	2622
5815	1234	805
5816	315	1266
5817	2276	2234
5818	1300	183
5819	390	1537
5820	2598	2797
5821	1271	930
5822	711	1107
5823	2011	2490
5824	1582	915
5825	255	1665
5826	2494	2958
5827	1332	241
5828	901	1077
5829	2876	2059
5830	1324	547
5831	345	1769
5832	2587	2720
5833	1596	287
5834	768	1949
5835	2448	2769
5836	1263	945
5837	713	1471
5838	2388	2409
5839	1191	302
5840	21	1128
5841	2322	2114
5842	1501	161
5843	969	1860
5844	2234	2113
5845	1440	179
5846	117	1654
5847	2930	2814
5848	1231	23
5849	709	1209
5850	2641	2207
5851	1049	504
5852	502	1007
5853	2220	2335
5854	1037	316
5855	42	1975
5856	2357	2780
5857	1025	418
5858	508	1091
5859	2639	2632
5860	1612	368
5861	781	1333
5862	2777	2741
5863	1772	459
5864	540	1849
5865	2688	2904
5866	1310	479
5867	709	1636
5868	2525	2293
5869	1061	901
5870	285	1498
5871	2989	2167
5872	1936	76
5873	437	1809
5874	2623	2205
5875	1723	524
5876	258	1729
5877	2359	2820
5878	1071	681
5879	441	1378
5880	2167	2109
5881	1591	122
5882	529	1709
5883	2888	2299
5884	1045	997
5885	416	1853
5886	2436	2918
5887	1245	742
5888	95	1811
5889	2338	2108
5890	1515	203
5891	475	1387
5892	2801	2356
5893	1252	236
5894	964	1020
5895	2154	2728
5896	1939	618
5897	549	1979
5898	2763	2420
5899	1254	666
5900	39	1074
5901	2560	2152
5902	1589	181
5903	652	1115
5904	2680	2717
5905	1103	144
5906	191	1278
5907	2710	2512
5908	1251	274
5909	852	1590
5910	2267	2041
5911	1972	161
5912	715	1720
5913	2102	2998
5914	1244	43
5915	151	1932
5916	2941	2545
5917	1661	912
5918	643	1464
5919	2103	2400
5920	1002	223
5921	668	1607
5922	2605	2360
5923	1324	161
5924	409	1674
5925	2208	2796
5926	1963	396
5927	900	1673
5928	2494	2133
5929	1141	947
5930	716	1159
5931	2080	2758
5932	1702	752
5933	264	1858
5934	2441	2773
5935	1703	29
5936	991	1848
5937	2426	2220
5938	1486	756
5939	877	1487
5940	2036	2592
5941	1811	739
5942	669	1764
5943	2097	2128
5944	1766	155
5945	702	1995
5946	2026	2795
5947	1734	346
5948	39	1119
5949	2659	2907
5950	1943	186
5951	157	1979
5952	2287	2911
5953	1180	530
5954	423	1656
5955	2330	2301
5956	1776	525
5957	171	1643
5958	2941	2678
5959	1930	660
5960	602	1706
5961	2368	2857
5962	1272	737
5963	997	1758
5964	2175	2473
5965	1954	796
5966	508	1788
5967	2392	2530
5968	1328	274
5969	708	1717
5970	2598	2970
5971	1491	754
5972	538	1614
5973	2158	2262
5974	1751	734
5975	440	1950
5976	2310	2769
5977	1108	89
5978	963	1349
5979	2464	2848
5980	1238	263
5981	339	1853
5982	2213	2865
5983	1290	549
5984	993	1862
5985	2227	2496
5986	1373	774
5987	963	1976
5988	2007	2745
5989	1407	505
5990	473	1287
5991	2782	2192
5992	1041	489
5993	654	1141
5994	2156	2914
5995	1693	554
5996	936	1966
5997	2424	2551
5998	1846	116
5999	227	1234
6000	2567	2729
6001	1613	97
6002	666	1390
6003	2534	2130
6004	1916	703
6005	530	1760
6006	2567	2765
6007	1522	345
6008	583	1868
6009	2217	2003
6010	1631	670
6011	199	1149
6012	2315	2560
6013	1253	574
6014	344	1294
6015	2402	2002
6016	1821	112
6017	98	1774
6018	2496	2163
6019	1638	742
6020	906	1418
6021	2586	2339
6022	1448	516
6023	317	1725
6024	2133	2668
6025	1023	957
6026	941	1888
6027	2952	2651
6028	1070	631
6029	801	1659
6030	2776	2861
6031	1848	995
6032	261	1108
6033	2127	2815
6034	1638	501
6035	31	1438
6036	2525	2335
6037	1847	232
6038	632	1504
6039	2293	2375
6040	1271	152
6041	668	1747
6042	2073	2650
6043	1897	87
6044	586	1038
6045	2968	2098
6046	1608	625
6047	772	1481
6048	2361	2013
6049	1660	831
6050	512	1121
6051	2887	2336
6052	1943	915
6053	534	1399
6054	2055	2233
6055	1481	740
6056	490	1879
6057	2651	2591
6058	1767	519
6059	465	1609
6060	2920	2982
6061	1760	48
6062	869	1084
6063	2884	2193
6064	1741	228
6065	917	1381
6066	2702	2465
6067	1302	799
6068	673	1764
6069	2782	2349
6070	1676	134
6071	680	1980
6072	2476	2116
6073	1420	269
6074	86	1412
6075	2607	2925
6076	1714	207
6077	890	1086
6078	2552	2111
6079	1592	224
6080	218	1747
6081	2161	2274
6082	1630	956
6083	389	1920
6084	2414	2631
6085	1225	181
6086	40	1101
6087	2754	2641
6088	1375	969
6089	694	1859
6090	2992	2968
6091	1996	535
6092	260	1052
6093	2360	2772
6094	1933	948
6095	794	1322
6096	2848	2844
6097	1177	620
6098	870	1879
6099	2292	2780
6100	1849	135
6101	451	1815
6102	2716	2083
6103	1252	769
6104	31	1977
6105	2941	2216
6106	1848	401
6107	634	1882
6108	2765	2336
6109	1159	518
6110	250	1768
6111	2262	2532
6112	1261	653
6113	978	1293
6114	2391	2031
6115	1236	55
6116	342	1589
6117	2491	2114
6118	1389	830
6119	251	1240
6120	2952	2046
6121	1383	738
6122	535	1682
6123	2791	2637
6124	1018	966
6125	323	1614
6126	2960	2824
6127	1431	952
6128	805	1841
6129	2718	2609
6130	1342	6
6131	700	1640
6132	2713	2964
6133	1137	21
6134	980	1766
6135	2735	2427
6136	1709	392
6137	11	1314
6138	2265	2515
6139	1390	424
6140	864	1289
6141	2678	2365
6142	1647	901
6143	819	1419
6144	2959	2177
6145	1191	242
6146	697	1938
6147	2926	2900
6148	1827	469
6149	161	1545
6150	2088	2471
6151	1639	187
6152	778	1152
6153	2468	2293
6154	1745	108
6155	766	1877
6156	2760	2929
6157	1070	140
6158	80	1266
6159	2076	2167
6160	1988	103
6161	347	1815
6162	2014	2263
6163	1364	543
6164	861	1814
6165	2086	2376
6166	1556	632
6167	134	1864
6168	2983	2128
6169	1094	777
6170	171	1130
6171	2885	2224
6172	1103	294
6173	908	1952
6174	2378	2520
6175	1652	604
6176	744	1222
6177	2764	2210
6178	1425	339
6179	432	1949
6180	2455	2004
6181	1490	466
6182	893	1313
6183	2789	2344
6184	1726	687
6185	554	1330
6186	2923	2436
6187	1979	741
6188	750	1542
6189	2856	2372
6190	1908	115
6191	373	1441
6192	2275	2064
6193	1324	483
6194	35	1157
6195	2606	2774
6196	1068	787
6197	830	1849
6198	2093	2548
6199	1680	173
6200	795	1159
6201	2403	2659
6202	1524	650
6203	538	1196
6204	2146	2897
6205	1614	816
6206	950	1265
6207	2892	2657
6208	1215	282
6209	350	1926
6210	2126	2370
6211	1136	575
6212	690	1483
6213	2830	2774
6214	1653	872
6215	29	1200
6216	2550	2384
6217	1742	556
6218	699	1012
6219	2315	2117
6220	1275	196
6221	508	1580
6222	2230	2164
6223	1050	267
6224	128	1025
6225	2910	2092
6226	1831	270
6227	531	1434
6228	2898	2020
6229	1576	836
6230	873	1456
6231	2160	2257
6232	1574	847
6233	633	1479
6234	2610	2495
6235	1700	95
6236	784	1657
6237	2819	2630
6238	1690	894
6239	401	1580
6240	2311	2323
6241	1804	66
6242	27	1132
6243	2530	2788
6244	1867	704
6245	899	1765
6246	2742	2559
6247	1013	933
6248	664	1136
6249	2695	2111
6250	1639	170
6251	220	1802
6252	2027	2627
6253	1866	274
6254	169	1040
6255	2831	2875
6256	1304	350
6257	815	1279
6258	2881	2298
6259	1132	592
6260	819	1252
6261	2823	2349
6262	1661	575
6263	156	1251
6264	2693	2506
6265	1542	821
6266	694	1484
6267	2082	2581
6268	1639	969
6269	846	1527
6270	2873	2669
6271	1056	684
6272	581	1573
6273	2427	2082
6274	1044	55
6275	523	1577
6276	2858	2799
6277	1892	684
6278	702	1831
6279	2073	2147
6280	1003	139
6281	380	1456
6282	2925	2312
6283	1301	317
6284	806	1620
6285	2439	2705
6286	1549	848
6287	425	1831
6288	2633	2137
6289	1224	239
6290	326	1436
6291	2442	2728
6292	1836	183
6293	382	1405
6294	2992	2966
6295	1730	379
6296	846	1451
6297	2411	2054
6298	1860	610
6299	867	1294
6300	2508	2287
6301	1618	577
6302	260	1848
6303	2711	2843
6304	1467	147
6305	24	1272
6306	2017	2683
6307	1552	330
6308	828	1180
6309	2137	2118
6310	1040	510
6311	832	1724
6312	2014	2695
6313	1238	318
6314	867	1459
6315	2680	2129
6316	1367	346
6317	773	1794
6318	2356	2037
6319	1793	443
6320	90	1761
6321	2242	2117
6322	1871	615
6323	311	1644
6324	2089	2967
6325	1075	540
6326	938	1450
6327	2885	2645
6328	1050	135
6329	765	1940
6330	2996	2808
6331	1259	205
6332	22	1647
6333	2554	2121
6334	1605	543
6335	872	1070
6336	2565	2457
6337	1045	68
6338	562	1791
6339	2807	2919
6340	1976	522
6341	619	1392
6342	2190	2292
6343	1753	471
6344	873	1725
6345	2581	2549
6346	1503	437
6347	52	1067
6348	2318	2384
6349	1567	501
6350	551	1929
6351	2466	2190
6352	1093	647
6353	72	1371
6354	2316	2874
6355	1582	535
6356	650	1161
6357	2979	2328
6358	1967	274
6359	154	1136
6360	2136	2329
6361	1583	171
6362	770	1706
6363	2668	2014
6364	1102	63
6365	31	1203
6366	2087	2325
6367	1916	298
6368	230	1725
6369	2671	2361
6370	1952	805
6371	25	1284
6372	2030	2584
6373	1346	199
6374	176	1949
6375	2753	2565
6376	1143	387
6377	992	1566
6378	2325	2337
6379	1261	339
6380	524	1807
6381	2764	2428
6382	1737	318
6383	466	1088
6384	2453	2814
6385	1662	742
6386	485	1435
6387	2114	2562
6388	1455	732
6389	849	1404
6390	2462	2204
6391	1584	245
6392	460	1817
6393	2532	2841
6394	1686	619
6395	704	1476
6396	2506	2539
6397	1074	933
6398	855	1807
6399	2153	2300
6400	1111	309
6401	839	1225
6402	2709	2414
6403	1940	548
6404	101	1452
6405	2329	2398
6406	1590	399
6407	69	1736
6408	2112	2985
6409	1637	704
6410	166	1837
6411	2758	2270
6412	1326	185
6413	888	1752
6414	2954	2566
6415	1445	757
6416	539	1576
6417	2582	2733
6418	1632	15
6419	472	1041
6420	2311	2394
6421	1020	44
6422	444	1306
6423	2076	2874
6424	1281	493
6425	41	1563
6426	2582	2398
6427	1567	983
6428	397	1074
6429	2724	2171
6430	1528	21
6431	569	1513
6432	2711	2317
6433	1950	44
6434	249	1594
6435	2941	2624
6436	1090	207
6437	20	1422
6438	2304	2928
6439	1203	279
6440	938	1753
6441	2499	2334
6442	1281	257
6443	671	1695
6444	2946	2474
6445	1623	241
6446	99	1649
6447	2777	2518
6448	1768	606
6449	692	1834
6450	2229	2234
6451	1888	642
6452	615	1382
6453	2007	2043
6454	1396	432
6455	169	1036
6456	2341	2375
6457	1064	972
6458	802	1168
6459	2897	2856
6460	1614	758
6461	926	1856
6462	2596	2650
6463	1414	173
6464	986	1387
6465	2482	2277
6466	1684	554
6467	512	1414
6468	2912	2405
6469	1684	338
6470	902	1029
6471	2266	2165
6472	1373	215
6473	441	1958
6474	2533	2698
6475	1940	865
6476	310	1209
6477	2177	2817
6478	1469	310
6479	451	1423
6480	2620	2179
6481	1386	401
6482	513	1601
6483	2805	2599
6484	1301	676
6485	562	1942
6486	2897	2797
6487	1501	314
6488	479	1863
6489	2702	2142
6490	1853	90
6491	384	1780
6492	2731	2762
6493	1893	106
6494	906	1369
6495	2021	2854
6496	1852	819
6497	422	1057
6498	2262	2768
6499	1002	850
6500	244	1954
6501	2117	2716
6502	1369	414
6503	456	1027
6504	2090	2752
6505	1578	109
6506	162	1429
6507	2942	2591
6508	1068	595
6509	78	1119
6510	2046	2243
6511	1605	877
6512	282	1747
6513	2802	2953
6514	1559	873
6515	391	1889
6516	2721	2638
6517	1254	924
6518	985	1799
6519	2579	2295
6520	1511	244
6521	602	1921
6522	2372	2044
6523	1988	333
6524	123	1153
6525	2187	2642
6526	1755	330
6527	624	1892
6528	2651	2425
6529	1328	137
6530	218	1480
6531	2449	2541
6532	1492	997
6533	115	1995
6534	2058	2372
6535	1857	151
6536	705	1323
6537	2430	2043
6538	1809	341
6539	198	1542
6540	2285	2386
6541	1516	359
6542	976	1340
6543	2749	2097
6544	1275	433
6545	349	1552
6546	2213	2188
6547	1163	492
6548	643	1880
6549	2033	2528
6550	1146	429
6551	196	1073
6552	2486	2017
6553	1726	368
6554	451	1300
6555	2213	2415
6556	1000	328
6557	190	1081
6558	2705	2131
6559	1600	472
6560	294	1522
6561	2234	2488
6562	1218	693
6563	485	1647
6564	2391	2339
6565	1970	551
6566	418	1302
6567	2968	2879
6568	1656	46
6569	936	1637
6570	2303	2836
6571	1529	79
6572	538	1790
6573	2732	2761
6574	1997	48
6575	773	1296
6576	2893	2099
6577	1057	583
6578	533	1827
6579	2848	2140
6580	1104	988
6581	481	1291
6582	2353	2653
6583	1520	988
6584	41	1466
6585	2672	2531
6586	1203	717
6587	831	1742
6588	2938	2488
6589	1118	489
6590	95	1742
6591	2694	2214
6592	1392	757
6593	654	1737
6594	2830	2206
6595	1623	174
6596	147	1452
6597	2564	2213
6598	1373	921
6599	440	1845
6600	2251	2503
6601	1868	40
6602	191	1677
6603	2333	2648
6604	1487	789
6605	489	1076
6606	2596	2610
6607	1494	527
6608	83	1880
6609	2868	2162
6610	1192	361
6611	22	1513
6612	2686	2751
6613	1763	18
6614	762	1411
6615	2376	2402
6616	1455	542
6617	58	1093
6618	2856	2580
6619	1601	579
6620	11	1272
6621	2603	2891
6622	1413	291
6623	635	1479
6624	2390	2162
6625	1121	276
6626	67	1096
6627	2712	2939
6628	1771	199
6629	723	1999
6630	2265	2900
6631	1266	863
6632	852	1997
6633	2847	2525
6634	1159	643
6635	214	1447
6636	2312	2616
6637	1993	110
6638	832	1416
6639	2195	2047
6640	1713	663
6641	460	1962
6642	2741	2173
6643	1955	64
6644	106	1605
6645	2121	2072
6646	1409	518
6647	961	1829
6648	2507	2071
6649	1168	488
6650	383	1375
6651	2911	2182
6652	1706	520
6653	666	1742
6654	2775	2135
6655	1913	164
6656	317	1950
6657	2153	2856
6658	1111	51
6659	741	1212
6660	2156	2402
6661	1719	812
6662	729	1152
6663	2978	2719
6664	1545	176
6665	298	1211
6666	2100	2504
6667	1653	107
6668	976	1534
6669	2121	2447
6670	1598	129
6671	999	1111
6672	2472	2981
6673	1861	401
6674	383	1990
6675	2571	2784
6676	1683	666
6677	261	1794
6678	2141	2698
6679	1659	624
6680	447	1857
6681	2631	2662
6682	1756	388
6683	776	1522
6684	2974	2137
6685	1785	864
6686	181	1453
6687	2397	2076
6688	1116	443
6689	987	1575
6690	2354	2698
6691	1366	153
6692	728	1978
6693	2731	2922
6694	1356	247
6695	143	1444
6696	2187	2625
6697	1642	408
6698	598	1121
6699	2494	2135
6700	1056	476
6701	802	1116
6702	2025	2095
6703	1199	4
6704	662	1316
6705	2068	2367
6706	1370	811
6707	612	1017
6708	2741	2523
6709	1535	733
6710	734	1729
6711	2686	2980
6712	1739	714
6713	263	1612
6714	2618	2877
6715	1238	690
6716	671	1953
6717	2784	2487
6718	1721	979
6719	608	1749
6720	2903	2391
6721	1862	32
6722	529	1496
6723	2604	2693
6724	1077	697
6725	278	1465
6726	2277	2643
6727	1377	249
6728	11	1926
6729	2501	2729
6730	1029	114
6731	345	1881
6732	2514	2991
6733	1313	200
6734	706	1033
6735	2780	2297
6736	1639	793
6737	154	1031
6738	2398	2461
6739	1569	623
6740	154	1841
6741	2766	2418
6742	1337	416
6743	875	1027
6744	2299	2314
6745	1179	923
6746	241	1580
6747	2822	2896
6748	1790	295
6749	31	1827
6750	2615	2245
6751	1762	97
6752	919	1349
6753	2841	2722
6754	1623	598
6755	456	1099
6756	2629	2330
6757	1281	708
6758	134	1940
6759	2203	2403
6760	1959	547
6761	591	1864
6762	2657	2391
6763	1271	725
6764	372	1671
6765	2439	2113
6766	1793	15
6767	933	1368
6768	2658	2492
6769	1655	873
6770	456	1032
6771	2443	2618
6772	1259	158
6773	127	1462
6774	2895	2588
6775	1509	152
6776	777	1509
6777	2092	2998
6778	1651	650
6779	989	1558
6780	2232	2353
6781	1774	109
6782	586	1472
6783	2092	2380
6784	1619	2
6785	173	1736
6786	2709	2620
6787	1818	759
6788	55	1749
6789	2855	2549
6790	1026	209
6791	758	1928
6792	2469	2308
6793	1456	668
6794	844	1287
6795	2399	2243
6796	1001	819
6797	536	1827
6798	2303	2107
6799	1744	402
6800	227	1782
6801	2339	2030
6802	1602	172
6803	245	1654
6804	2001	2613
6805	1656	259
6806	888	1169
6807	2775	2216
6808	1188	829
6809	713	1986
6810	2585	2438
6811	1267	11
6812	115	1996
6813	2111	2421
6814	1847	534
6815	35	1447
6816	2222	2276
6817	1397	76
6818	724	1534
6819	2893	2004
6820	1571	612
6821	261	1734
6822	2628	2038
6823	1480	672
6824	972	1445
6825	2450	2987
6826	1738	455
6827	367	1869
6828	2713	2082
6829	1213	328
6830	561	1126
6831	2877	2752
6832	1189	373
6833	50	1463
6834	2851	2650
6835	1616	807
6836	767	1565
6837	2408	2523
6838	1276	180
6839	212	1604
6840	2952	2262
6841	1422	283
6842	301	1316
6843	2745	2116
6844	1126	874
6845	665	1491
6846	2009	2314
6847	1251	686
6848	807	1998
6849	2969	2057
6850	1729	877
6851	94	1285
6852	2703	2600
6853	1864	912
6854	136	1765
6855	2751	2956
6856	1729	10
6857	261	1742
6858	2069	2765
6859	1024	590
6860	652	1833
6861	2102	2973
6862	1138	55
6863	140	1468
6864	2752	2806
6865	1583	320
6866	604	1282
6867	2353	2779
6868	1970	248
6869	391	1778
6870	2492	2753
6871	1446	490
6872	571	1984
6873	2854	2323
6874	1015	749
6875	132	1976
6876	2144	2008
6877	1421	22
6878	619	1078
6879	2436	2680
6880	1688	437
6881	616	1894
6882	2910	2693
6883	1709	652
6884	679	1358
6885	2607	2022
6886	1747	910
6887	775	1238
6888	2744	2688
6889	1668	707
6890	339	1270
6891	2567	2702
6892	1548	108
6893	916	1837
6894	2999	2244
6895	1715	922
6896	234	1439
6897	2989	2038
6898	1038	990
6899	527	1190
6900	2983	2652
6901	1493	631
6902	566	1723
6903	2829	2503
6904	1456	786
6905	829	1993
6906	2627	2709
6907	1964	979
6908	853	1073
6909	2743	2630
6910	1359	190
6911	203	1206
6912	2810	2811
6913	1633	566
6914	133	1982
6915	2383	2638
6916	1820	884
6917	984	1497
6918	2766	2665
6919	1997	80
6920	417	1538
6921	2937	2375
6922	1855	129
6923	952	1635
6924	2590	2628
6925	1397	554
6926	510	1445
6927	2303	2892
6928	1585	54
6929	370	1837
6930	2262	2384
6931	1062	995
6932	80	1583
6933	2533	2739
6934	1129	351
6935	945	1475
6936	2991	2095
6937	1986	639
6938	333	1316
6939	2166	2321
6940	1902	131
6941	335	1781
6942	2450	2520
6943	1601	453
6944	221	1132
6945	2098	2360
6946	1069	316
6947	961	1783
6948	2473	2511
6949	1429	807
6950	355	1437
6951	2148	2093
6952	1919	323
6953	205	1001
6954	2532	2250
6955	1891	365
6956	56	1369
6957	2473	2957
6958	1631	988
6959	853	1179
6960	2471	2157
6961	1328	612
6962	713	1433
6963	2602	2361
6964	1290	694
6965	839	1001
6966	2598	2778
6967	1068	901
6968	493	1329
6969	2460	2012
6970	1518	586
6971	265	1131
6972	2564	2799
6973	1302	582
6974	820	1654
6975	2313	2024
6976	1427	687
6977	480	1258
6978	2892	2450
6979	1585	733
6980	473	1411
6981	2595	2602
6982	1444	104
6983	586	1199
6984	2454	2374
6985	1663	811
6986	503	1366
6987	2392	2800
6988	1885	730
6989	488	1114
6990	2241	2312
6991	1933	691
6992	809	1832
6993	2347	2863
6994	1476	387
6995	452	1547
6996	2443	2900
6997	1054	901
6998	10	1943
6999	2716	2197
