0	2645	2395
1	1564	882
2	475	1606
3	2451	2040
4	1368	462
5	317	1253
6	2348	2289
7	1416	841
8	388	1629
9	2621	2888
10	1378	957
11	482	1367
12	2859	2192
13	1117	547
14	440	1038
15	2538	2214
16	1330	213
17	824	1422
18	2419	2500
19	1259	962
20	567	1450
21	2060	2213
22	1641	641
23	523	1231
24	2076	2173
25	1195	982
26	898	1631
27	2236	2773
28	1361	234
29	995	1912
30	2825	2170
31	1207	69
32	482	1825
33	2877	2157
34	1325	947
35	506	1559
36	2580	2780
37	1491	950
38	475	1453
39	2571	2565
40	1796	566
41	615	1122
42	2520	2360
43	1445	558
44	936	1388
45	2656	2242
46	1380	735
47	948	1676
48	2635	2222
49	1156	310
50	12	1958
51	2060	2269
52	1952	396
53	698	1192
54	2783	2521
55	1496	499
56	959	1247
57	2139	2844
58	1244	496
59	251	1662
60	2242	2165
61	1081	879
62	43	1304
63	2077	2733
64	1684	122
65	219	1734
66	2207	2376
67	1032	614
68	513	1293
69	2895	2997
70	1776	774
71	976	1280
72	2795	2400
73	1490	700
74	841	1327
75	2217	2218
76	1037	317
77	850	1437
78	2902	2412
79	1532	819
80	149	1640
81	2708	2356
82	1517	870
83	493	1031
84	2910	2758
85	1713	870
86	463	1239
87	2146	2904
88	1024	621
89	577	1495
90	2183	2262
91	1445	586
92	264	1818
93	2207	2737
94	1881	937
95	277	1486
96	2417	2476
97	1273	236
98	233	1066
99	2046	2091
100	1801	973
101	396	1215
102	2349	2741
103	1765	523
104	236	1494
105	2117	2160
106	1767	378
107	256	1311
108	2704	2620
109	1318	194
110	837	1915
111	2902	2409
112	1167	762
113	813	1414
114	2199	2304
115	1642	884
116	700	1833
117	2683	2417
118	1086	638
119	450	1019
120	2820	2184
121	1876	673
122	89	1496
123	2390	2910
124	1822	574
125	959	1346
126	2581	2650
127	1056	926
128	506	1335
129	2572	2660
130	1528	66
131	706	1682
132	2590	2631
133	1818	721
134	254	1577
135	2001	2460
136	1278	800
137	862	1078
138	2629	2605
139	1096	7
140	726	1553
141	2796	2095
142	1000	866
143	646	1897
144	2050	2928
145	1007	212
146	613	1346
147	2096	2935
148	1145	888
149	15	1432
150	2780	2608
151	1867	397
152	94	1250
153	2397	2706
154	1383	472
155	536	1028
156	2075	2723
157	1403	272
158	294	1725
159	2703	2805
160	1633	979
161	944	1433
162	2289	2538
163	1331	398
164	177	1117
165	2670	2645
166	1557	113
167	59	1968
168	2697	2729
169	1848	313
170	703	1335
171	2024	2662
172	1517	998
173	83	1961
174	2360	2203
175	1606	507
176	185	1547
177	2169	2537
178	1005	217
179	666	1514
180	2630	2880
181	1613	261
182	692	1571
183	2578	2168
184	1644	544
185	304	1573
186	2468	2524
187	1911	135
188	224	1812
189	2662	2255
190	1012	529
191	803	1466
192	2554	2120
193	1899	60
194	583	1748
195	2164	2971
196	1891	999
197	616	1923
198	2536	2761
199	1289	232
200	930	1149
201	2570	2696
202	1820	322
203	243	1872
204	2583	2232
205	1600	825
206	199	1203
207	2651	2250
208	1404	377
209	332	1190
210	2060	2250
211	1575	705
212	606	1940
213	2276	2209
214	1705	238
215	84	1804
216	2379	2984
217	1335	67
218	974	1548
219	2265	2758
220	1923	142
221	953	1941
222	2771	2092
223	1030	450
224	65	1371
225	2189	2138
226	1947	758
227	613	1368
228	2316	2260
229	1371	621
230	537	1025
231	2936	2140
232	1878	420
233	504	1633
234	2671	2465
235	1364	556
236	92	1031
237	2358	2146
238	1471	92
239	224	1822
240	2107	2724
241	1474	185
242	723	1534
243	2876	2069
244	1059	930
245	81	1324
246	2631	2081
247	1715	404
248	77	1325
249	2583	2566
250	1140	36
251	983	1235
252	2441	2312
253	1575	64
254	297	1172
255	2547	2206
256	1338	962
257	332	1861
258	2660	2290
259	1294	81
260	930	1547
261	2792	2337
262	1021	701
263	448	1861
264	2780	2173
265	1060	884
266	590	1250
267	2122	2413
268	1197	165
269	306	1729
270	2276	2371
271	1675	693
272	948	1635
273	2358	2029
274	1635	244
275	195	1340
276	2737	2261
277	1732	488
278	650	1830
279	2180	2742
280	1527	581
281	117	1779
282	2892	2132
283	1806	463
284	602	1550
285	2461	2457
286	1058	909
287	862	1880
288	2935	2984
289	1882	73
290	260	1677
291	2820	2911
292	1020	93
293	786	1978
294	2653	2515
295	1294	779
296	131	1624
297	2186	2521
298	1477	540
299	650	1639
300	2128	2416
301	1711	963
302	322	1702
303	2509	2547
304	1271	904
305	720	1344
306	2036	2666
307	1657	63
308	522	1008
309	2400	2198
310	1112	521
311	794	1217
312	2134	2078
313	1231	887
314	147	1404
315	2667	2826
316	1007	464
317	780	1189
318	2185	2876
319	1279	607
320	465	1660
321	2179	2914
322	1391	960
323	500	1989
324	2325	2544
325	1530	440
326	685	1628
327	2574	2744
328	1765	422
329	430	1627
330	2811	2561
331	1823	276
332	179	1436
333	2382	2871
334	1521	686
335	625	1217
336	2603	2810
337	1605	479
338	388	1389
339	2370	2193
340	1444	420
341	519	1435
342	2743	2348
343	1526	66
344	628	1646
345	2219	2103
346	1504	403
347	587	1169
348	2330	2286
349	1075	911
350	102	1406
351	2710	2145
352	1575	784
353	919	1995
354	2509	2454
355	1895	104
356	252	1959
357	2708	2058
358	1945	176
359	105	1154
360	2530	2241
361	1575	172
362	459	1108
363	2026	2734
364	1308	1
365	538	1529
366	2479	2760
367	1159	848
368	835	1361
369	2286	2557
370	1342	354
371	971	1849
372	2363	2446
373	1532	607
374	191	1535
375	2394	2682
376	1461	219
377	145	1399
378	2706	2354
379	1644	555
380	413	1749
381	2704	2306
382	1024	131
383	194	1153
384	2849	2998
385	1817	115
386	202	1844
387	2283	2444
388	1924	607
389	968	1710
390	2152	2747
391	1652	574
392	394	1352
393	2395	2525
394	1349	636
395	424	1118
396	2918	2117
397	1535	714
398	630	1159
399	2470	2385
400	1995	220
401	580	1249
402	2987	2367
403	1750	139
404	590	1339
405	2739	2064
406	1685	942
407	768	1865
408	2387	2392
409	1060	225
410	757	1947
411	2928	2151
412	1528	661
413	694	1889
414	2930	2614
415	1846	875
416	447	1277
417	2022	2205
418	1380	849
419	688	1431
420	2998	2579
421	1659	352
422	939	1540
423	2858	2106
424	1885	921
425	745	1586
426	2589	2359
427	1069	116
428	998	1785
429	2604	2005
430	1245	321
431	822	1371
432	2653	2372
433	1137	128
434	979	1871
435	2658	2970
436	1219	845
437	936	1602
438	2755	2237
439	1520	623
440	487	1005
441	2225	2918
442	1737	91
443	484	1614
444	2736	2408
445	1423	363
446	597	1180
447	2304	2768
448	1173	355
449	434	1652
450	2655	2640
451	1292	638
452	839	1985
453	2037	2699
454	1985	194
455	319	1833
456	2394	2554
457	1827	734
458	589	1457
459	2098	2254
460	1869	640
461	238	1444
462	2535	2594
463	1387	778
464	24	1889
465	2397	2508
466	1687	167
467	734	1223
468	2573	2098
469	1344	516
470	50	1144
471	2776	2177
472	1617	417
473	757	1774
474	2149	2660
475	1727	987
476	26	1210
477	2022	2579
478	1149	826
479	562	1354
480	2246	2506
481	1235	626
482	589	1083
483	2170	2694
484	1044	782
485	203	1395
486	2887	2785
487	1315	582
488	483	1424
489	2891	2672
490	1195	680
491	972	1083
492	2693	2272
493	1311	197
494	72	1032
495	2855	2498
496	1704	295
497	361	1600
498	2153	2596
499	1137	403
500	53	1704
501	2179	2565
502	1742	863
503	961	1571
504	2618	2225
505	1757	55
506	64	1552
507	2741	2672
508	1137	205
509	705	1087
510	2208	2721
511	1671	577
512	310	1022
513	2345	2063
514	1144	957
515	612	1150
516	2739	2223
517	1209	913
518	37	1273
519	2395	2585
520	1410	256
521	491	1090
522	2507	2009
523	1397	788
524	789	1681
525	2644	2068
526	1559	968
527	512	1310
528	2634	2574
529	1677	989
530	921	1439
531	2916	2971
532	1759	852
533	663	1201
534	2916	2549
535	1113	566
536	358	1933
537	2756	2349
538	1721	250
539	281	1298
540	2962	2787
541	1398	688
542	625	1862
543	2460	2518
544	1288	35
545	65	1459
546	2361	2516
547	1127	710
548	526	1377
549	2440	2182
550	1064	988
551	979	1805
552	2465	2799
553	1069	551
554	548	1514
555	2304	2097
556	1900	501
557	522	1965
558	2839	2843
559	1013	638
560	737	1924
561	2599	2791
562	1386	69
563	576	1883
564	2056	2182
565	1715	333
566	445	1618
567	2454	2294
568	1114	677
569	797	1344
570	2306	2779
571	1182	770
572	44	1442
573	2457	2468
574	1698	70
575	806	1906
576	2465	2123
577	1266	925
578	207	1608
579	2122	2367
580	1466	997
581	629	1686
582	2819	2636
583	1355	973
584	802	1030
585	2055	2287
586	1772	781
587	872	1359
588	2132	2351
589	1813	576
590	889	1669
591	2919	2617
592	1709	356
593	450	1188
594	2859	2664
595	1653	263
596	185	1063
597	2599	2098
598	1006	201
599	638	1351
600	2073	2952
601	1281	515
602	459	1050
603	2133	2009
604	1982	311
605	74	1944
606	2840	2207
607	1889	608
608	791	1037
609	2171	2847
610	1189	19
611	130	1455
612	2292	2578
613	1066	595
614	656	1755
615	2484	2493
616	1818	2
617	473	1024
618	2223	2916
619	1169	541
620	491	1326
621	2450	2778
622	1601	554
623	87	1469
624	2452	2604
625	1807	363
626	416	1604
627	2851	2212
628	1846	988
629	692	1478
630	2560	2252
631	1498	34
632	198	1712
633	2072	2505
634	1143	289
635	432	1657
636	2574	2535
637	1119	832
638	666	1386
639	2939	2492
640	1349	891
641	520	1578
642	2596	2581
643	1994	236
644	871	1017
645	2056	2268
646	1647	715
647	797	1173
648	2724	2288
649	1615	216
650	401	1310
651	2256	2257
652	1077	88
653	817	1557
654	2075	2500
655	1136	468
656	297	1394
657	2802	2954
658	1760	442
659	6	1309
660	2700	2698
661	1884	41
662	828	1094
663	2614	2457
664	1446	784
665	280	1796
666	2220	2852
667	1364	232
668	900	1249
669	2371	2428
670	1762	532
671	228	1190
672	2875	2294
673	1100	275
674	998	1420
675	2051	2757
676	1917	329
677	286	1874
678	2403	2915
679	1728	710
680	102	1082
681	2380	2064
682	1328	266
683	331	1882
684	2265	2283
685	1147	535
686	161	1101
687	2872	2377
688	1122	915
689	664	1884
690	2144	2184
691	1272	70
692	338	1749
693	2916	2723
694	1153	411
695	399	1190
696	2633	2303
697	1727	148
698	234	1084
699	2739	2188
700	1342	19
701	927	1743
702	2145	2559
703	1466	393
704	9	1080
705	2151	2073
706	1282	740
707	319	1565
708	2999	2618
709	1310	226
710	504	1875
711	2762	2107
712	1286	989
713	91	1870
714	2458	2764
715	1614	455
716	682	1013
717	2329	2009
718	1674	532
719	848	1066
720	2138	2355
721	1968	748
722	850	1403
723	2244	2900
724	1303	409
725	403	1276
726	2448	2371
727	1341	72
728	7	1565
729	2617	2498
730	1359	592
731	295	1706
732	2633	2982
733	1484	68
734	378	1461
735	2289	2654
736	1700	519
737	345	1202
738	2663	2573
739	1756	731
740	364	1171
741	2079	2113
742	1212	179
743	780	1271
744	2019	2359
745	1515	944
746	902	1552
747	2318	2253
748	1227	866
749	385	1921
750	2895	2803
751	1915	152
752	428	1797
753	2679	2850
754	1283	895
755	794	1904
756	2538	2707
757	1117	867
758	981	1729
759	2506	2975
760	1694	777
761	730	1557
762	2269	2185
763	1394	864
764	315	1519
765	2905	2790
766	1448	838
767	81	1211
768	2724	2394
769	1914	621
770	320	1114
771	2040	2211
772	1779	60
773	861	1785
774	2222	2383
775	1907	227
776	945	1559
777	2810	2789
778	1167	463
779	849	1644
780	2178	2398
781	1799	485
782	476	1733
783	2053	2833
784	1609	936
785	611	1510
786	2519	2749
787	1179	148
788	156	1576
789	2949	2359
790	1476	234
791	870	1159
792	2371	2710
793	1187	152
794	640	1154
795	2658	2955
796	1966	545
797	860	1351
798	2014	2004
799	1535	727
800	466	1535
801	2111	2655
802	1034	333
803	4	1120
804	2401	2549
805	1353	166
806	350	1427
807	2412	2918
808	1058	295
809	631	1923
810	2070	2114
811	1571	826
812	949	1663
813	2561	2012
814	1952	918
815	205	1745
816	2141	2432
817	1061	589
818	704	1127
819	2243	2933
820	1894	862
821	60	1090
822	2944	2975
823	1766	971
824	433	1510
825	2335	2034
826	1371	446
827	148	1081
828	2346	2665
829	1872	415
830	978	1934
831	2481	2064
832	1783	100
833	295	1768
834	2412	2445
835	1724	621
836	155	1944
837	2543	2020
838	1645	833
839	447	1706
840	2483	2671
841	1291	298
842	212	1435
843	2334	2425
844	1566	792
845	63	1136
846	2575	2199
847	1115	87
848	667	1710
849	2449	2190
850	1462	738
851	67	1755
852	2051	2013
853	1518	586
854	307	1652
855	2675	2176
856	1418	996
857	966	1523
858	2997	2747
859	1964	366
860	732	1691
861	2123	2500
862	1628	307
863	464	1721
864	2615	2306
865	1015	917
866	819	1475
867	2161	2998
868	1016	216
869	694	1097
870	2445	2253
871	1264	915
872	150	1722
873	2812	2188
874	1190	201
875	124	1926
876	2818	2921
877	1604	914
878	798	1281
879	2147	2220
880	1666	834
881	164	1907
882	2600	2594
883	1721	808
884	366	1491
885	2197	2350
886	1743	653
887	112	1208
888	2513	2120
889	1511	335
890	703	1241
891	2674	2798
892	1516	764
893	180	1893
894	2563	2130
895	1175	114
896	604	1955
897	2595	2185
898	1815	439
899	937	1740
900	2056	2599
901	1356	856
902	776	1998
903	2605	2889
904	1239	485
905	46	1048
906	2465	2795
907	1384	783
908	450	1352
909	2221	2076
910	1752	483
911	866	1376
912	2111	2017
913	1001	84
914	649	1539
915	2895	2525
916	1371	65
917	667	1446
918	2562	2379
919	1588	397
920	223	1154
921	2627	2437
922	1941	901
923	792	1442
924	2620	2733
925	1196	509
926	431	1342
927	2666	2969
928	1515	293
929	752	1631
930	2223	2084
931	1321	212
932	662	1789
933	2858	2183
934	1601	586
935	101	1569
936	2657	2720
937	1281	526
938	684	1445
939	2289	2986
940	1670	405
941	987	1739
942	2317	2885
943	1741	769
944	614	1862
945	2590	2486
946	1932	110
947	263	1501
948	2030	2171
949	1722	191
950	312	1421
951	2571	2562
952	1376	600
953	440	1605
954	2242	2418
955	1812	442
956	561	1990
957	2584	2703
958	1155	11
959	489	1737
960	2247	2714
961	1093	524
962	857	1666
963	2097	2973
964	1717	183
965	620	1119
966	2151	2778
967	1122	514
968	64	1376
969	2102	2711
970	1547	330
971	63	1715
972	2469	2164
973	1957	594
974	27	1103
975	2234	2118
976	1084	176
977	205	1579
978	2992	2997
979	1862	589
980	950	1693
981	2899	2832
982	1616	588
983	631	1494
984	2577	2349
985	1913	37
986	860	1233
987	2860	2529
988	1712	623
989	842	1738
990	2950	2611
991	1238	516
992	38	1757
993	2730	2457
994	1752	959
995	492	1197
996	2863	2320
997	1654	105
998	983	1571
999	2638	2740
1000	1945	6
1001	399	1765
1002	2189	2020
1003	1860	69
1004	115	1589
1005	2204	2457
1006	1783	812
1007	469	1887
1008	2583	2331
1009	1633	249
1010	745	1590
1011	2169	2589
1012	1460	401
1013	800	1555
1014	2994	2168
1015	1662	165
1016	273	1002
1017	2398	2754
1018	1524	36
1019	203	1563
1020	2113	2529
1021	1045	80
1022	777	1203
1023	2861	2022
1024	1235	994
1025	499	1618
1026	2581	2946
1027	1452	181
1028	261	1813
1029	2644	2195
1030	1585	820
1031	590	1405
1032	2183	2297
1033	1595	159
1034	51	1880
1035	2437	2733
1036	1702	566
1037	561	1919
1038	2210	2317
1039	1836	747
1040	816	1575
1041	2654	2802
1042	1326	578
1043	196	1930
1044	2818	2647
1045	1403	10
1046	109	1484
1047	2117	2645
1048	1515	765
1049	157	1686
1050	2925	2164
1051	1721	99
1052	957	1528
1053	2175	2385
1054	1965	771
1055	630	1751
1056	2889	2244
1057	1996	270
1058	11	1763
1059	2166	2907
1060	1674	270
1061	452	1244
1062	2722	2027
1063	1951	866
1064	351	1918
1065	2835	2657
1066	1849	523
1067	597	1985
1068	2497	2672
1069	1283	531
1070	305	1684
1071	2144	2029
1072	1160	739
1073	37	1386
1074	2042	2599
1075	1236	642
1076	423	1379
1077	2637	2366
1078	1828	173
1079	816	1868
1080	2221	2048
1081	1317	438
1082	3	1053
1083	2132	2284
1084	1583	347
1085	537	1104
1086	2114	2759
1087	1905	134
1088	491	1631
1089	2914	2550
1090	1491	787
1091	535	1766
1092	2564	2419
1093	1985	299
1094	681	1444
1095	2316	2151
1096	1886	782
1097	98	1913
1098	2614	2556
1099	1066	676
1100	255	1691
1101	2713	2804
1102	1058	322
1103	964	1455
1104	2641	2359
1105	1010	250
1106	171	1655
1107	2223	2494
1108	1913	118
1109	382	1503
1110	2023	2465
1111	1723	231
1112	672	1653
1113	2382	2200
1114	1220	275
1115	355	1899
1116	2818	2391
1117	1378	881
1118	684	1280
1119	2810	2330
1120	1696	412
1121	714	1366
1122	2685	2501
1123	1716	412
1124	160	1267
1125	2200	2315
1126	1176	160
1127	934	1657
1128	2387	2300
1129	1446	6
1130	436	1431
1131	2033	2395
1132	1398	209
1133	246	1774
1134	2948	2393
1135	1698	228
1136	181	1031
1137	2085	2906
1138	1838	571
1139	19	1131
1140	2812	2863
1141	1943	343
1142	112	1459
1143	2013	2028
1144	1869	169
1145	811	1491
1146	2469	2124
1147	1604	82
1148	971	1217
1149	2852	2999
1150	1992	171
1151	344	1977
1152	2896	2359
1153	1395	602
1154	804	1107
1155	2716	2966
1156	1334	350
1157	401	1278
1158	2890	2047
1159	1878	72
1160	76	1537
1161	2208	2631
1162	1375	806
1163	282	1340
1164	2511	2924
1165	1080	752
1166	67	1632
1167	2712	2269
1168	1153	683
1169	156	1819
1170	2041	2355
1171	1536	976
1172	13	1637
1173	2029	2411
1174	1976	352
1175	782	1615
1176	2299	2159
1177	1147	124
1178	250	1062
1179	2706	2413
1180	1117	943
1181	403	1860
1182	2179	2543
1183	1681	97
1184	586	1702
1185	2922	2101
1186	1246	329
1187	829	1838
1188	2220	2856
1189	1800	626
1190	840	1362
1191	2991	2058
1192	1531	4
1193	984	1833
1194	2288	2221
1195	1079	873
1196	467	1592
1197	2835	2497
1198	1124	345
1199	670	1765
1200	2583	2163
1201	1517	590
1202	608	1206
1203	2284	2392
1204	1738	898
1205	182	1572
1206	2802	2903
1207	1439	999
1208	725	1878
1209	2490	2312
1210	1551	383
1211	508	1657
1212	2349	2151
1213	1233	968
1214	33	1252
1215	2932	2091
1216	1341	398
1217	771	1100
1218	2404	2711
1219	1804	87
1220	470	1465
1221	2193	2727
1222	1311	627
1223	716	1007
1224	2877	2660
1225	1152	441
1226	810	1298
1227	2028	2008
1228	1429	929
1229	709	1145
1230	2937	2676
1231	1079	585
1232	906	1672
1233	2344	2748
1234	1113	550
1235	544	1473
1236	2875	2207
1237	1773	581
1238	276	1402
1239	2308	2080
1240	1633	675
1241	702	1798
1242	2928	2553
1243	1706	507
1244	928	1216
1245	2298	2340
1246	1216	160
1247	543	1050
1248	2640	2678
1249	1778	879
1250	327	1069
1251	2253	2245
1252	1161	333
1253	39	1123
1254	2268	2871
1255	1867	999
1256	34	1697
1257	2964	2926
1258	1670	274
1259	951	1967
1260	2329	2412
1261	1200	264
1262	512	1284
1263	2411	2356
1264	1761	163
1265	743	1776
1266	2201	2444
1267	1687	68
1268	540	1867
1269	2151	2138
1270	1004	442
1271	925	1753
1272	2414	2073
1273	1507	542
1274	625	1689
1275	2355	2748
1276	1179	736
1277	750	1279
1278	2084	2137
1279	1885	391
1280	638	1676
1281	2709	2152
1282	1400	336
1283	111	1624
1284	2449	2546
1285	1135	445
1286	294	1108
1287	2583	2968
1288	1403	704
1289	946	1876
1290	2709	2650
1291	1314	473
1292	997	1956
1293	2952	2508
1294	1395	957
1295	751	1980
1296	2579	2852
1297	1241	977
1298	780	1637
1299	2271	2841
1300	1321	30
1301	382	1591
1302	2588	2249
1303	1633	127
1304	234	1360
1305	2117	2013
1306	1157	772
1307	890	1003
1308	2670	2875
1309	1971	475
1310	467	1161
1311	2001	2724
1312	1407	259
1313	37	1487
1314	2723	2534
1315	1150	388
1316	911	1804
1317	2533	2362
1318	1623	128
1319	633	1615
1320	2875	2044
1321	1250	421
1322	930	1128
1323	2676	2479
1324	1584	782
1325	289	1485
1326	2343	2549
1327	1426	969
1328	837	1454
1329	2452	2878
1330	1452	847
1331	598	1681
1332	2889	2705
1333	1615	250
1334	448	1546
1335	2635	2344
1336	1661	802
1337	809	1187
1338	2085	2834
1339	1801	371
1340	819	1592
1341	2116	2969
1342	1279	492
1343	85	1317
1344	2917	2211
1345	1338	701
1346	298	1913
1347	2821	2670
1348	1290	566
1349	126	1839
1350	2261	2713
1351	1308	273
1352	141	1838
1353	2708	2677
1354	1604	917
1355	186	1972
1356	2028	2115
1357	1693	3
1358	859	1409
1359	2288	2128
1360	1894	893
1361	527	1929
1362	2628	2348
1363	1512	995
1364	13	1212
1365	2431	2180
1366	1440	251
1367	289	1645
1368	2333	2385
1369	1017	395
1370	552	1773
1371	2449	2828
1372	1487	482
1373	773	1047
1374	2929	2218
1375	1929	162
1376	230	1235
1377	2054	2807
1378	1836	808
1379	417	1787
1380	2965	2837
1381	1278	913
1382	198	1560
1383	2647	2776
1384	1339	424
1385	879	1057
1386	2796	2309
1387	1568	448
1388	496	1090
1389	2758	2558
1390	1753	531
1391	956	1446
1392	2848	2093
1393	1273	737
1394	117	1474
1395	2553	2242
1396	1335	242
1397	889	1344
1398	2583	2574
1399	1382	438
1400	350	1142
1401	2372	2422
1402	1556	635
1403	824	1426
1404	2484	2923
1405	1865	943
1406	376	1153
1407	2071	2522
1408	1252	347
1409	394	1994
1410	2881	2011
1411	1015	413
1412	279	1833
1413	2952	2907
1414	1551	887
1415	838	1549
1416	2804	2725
1417	1091	89
1418	476	1880
1419	2653	2573
1420	1204	958
1421	178	1967
1422	2261	2717
1423	1288	893
1424	175	1618
1425	2607	2405
1426	1243	1
1427	170	1163
1428	2155	2947
1429	1111	831
1430	331	1313
1431	2664	2556
1432	1096	859
1433	64	1153
1434	2996	2863
1435	1526	290
1436	945	1899
1437	2739	2723
1438	1912	200
1439	601	1530
1440	2595	2181
1441	1074	616
1442	347	1118
1443	2182	2311
1444	1414	796
1445	115	1249
1446	2261	2901
1447	1614	963
1448	404	1185
1449	2014	2875
1450	1722	136
1451	158	1353
1452	2131	2647
1453	1340	135
1454	589	1463
1455	2192	2763
1456	1290	766
1457	311	1464
1458	2723	2770
1459	1842	71
1460	255	1282
1461	2622	2276
1462	1111	734
1463	213	1153
1464	2600	2449
1465	1808	173
1466	656	1881
1467	2594	2501
1468	1503	335
1469	426	1503
1470	2685	2514
1471	1402	231
1472	588	1629
1473	2907	2037
1474	1679	575
1475	829	1765
1476	2061	2095
1477	1613	23
1478	659	1084
1479	2185	2825
1480	1070	18
1481	168	1433
1482	2262	2475
1483	1011	740
1484	738	1024
1485	2683	2961
1486	1532	315
1487	515	1224
1488	2105	2836
1489	1379	790
1490	491	1603
1491	2727	2666
1492	1314	539
1493	442	1295
1494	2781	2910
1495	1980	148
1496	750	1240
1497	2016	2167
1498	1183	19
1499	403	1575
1500	2948	2509
1501	1454	3
1502	501	1243
1503	2846	2332
1504	1104	973
1505	368	1405
1506	2565	2635
1507	1478	730
1508	192	1087
1509	2607	2499
1510	1603	51
1511	815	1453
1512	2932	2883
1513	1033	873
1514	343	1053
1515	2367	2846
1516	1312	551
1517	350	1032
1518	2794	2112
1519	1480	834
1520	970	1142
1521	2448	2578
1522	1250	205
1523	525	1550
1524	2532	2432
1525	1217	437
1526	470	1312
1527	2682	2184
1528	1597	394
1529	839	1900
1530	2033	2434
1531	1231	816
1532	570	1933
1533	2504	2722
1534	1990	709
1535	185	1857
1536	2606	2852
1537	1491	809
1538	917	1892
1539	2095	2307
1540	1626	500
1541	217	1868
1542	2894	2182
1543	1338	842
1544	666	1779
1545	2845	2857
1546	1278	633
1547	664	1374
1548	2899	2060
1549	1172	336
1550	564	1164
1551	2657	2050
1552	1866	91
1553	594	1749
1554	2660	2306
1555	1158	502
1556	102	1051
1557	2169	2803
1558	1583	581
1559	461	1976
1560	2387	2187
1561	1603	526
1562	423	1750
1563	2695	2270
1564	1220	421
1565	3	1356
1566	2560	2366
1567	1144	353
1568	24	1177
1569	2661	2534
1570	1711	822
1571	569	1546
1572	2695	2275
1573	1791	508
1574	325	1379
1575	2945	2071
1576	1308	972
1577	360	1780
1578	2835	2418
1579	1722	373
1580	25	1144
1581	2897	2234
1582	1269	919
1583	944	1667
1584	2476	2998
1585	1623	835
1586	959	1173
1587	2462	2265
1588	1886	525
1589	648	1282
1590	2666	2574
1591	1699	313
1592	299	1933
1593	2512	2065
1594	1494	650
1595	266	1630
1596	2666	2564
1597	1566	520
1598	634	1512
1599	2500	2128
1600	1302	379
1601	681	1768
1602	2469	2020
1603	1765	573
1604	275	1953
1605	2074	2333
1606	1693	54
1607	921	1027
1608	2163	2130
1609	1699	689
1610	507	1572
1611	2782	2684
1612	1624	73
1613	746	1014
1614	2308	2035
1615	1389	637
1616	528	1089
1617	2743	2523
1618	1213	744
1619	365	1474
1620	2060	2490
1621	1841	889
1622	690	1964
1623	2609	2573
1624	1383	990
1625	758	1900
1626	2245	2161
1627	1703	885
1628	87	1749
1629	2037	2981
1630	1811	379
1631	717	1431
1632	2640	2219
1633	1482	337
1634	815	1887
1635	2498	2682
1636	1429	183
1637	956	1191
1638	2377	2856
1639	1929	474
1640	633	1558
1641	2766	2705
1642	1204	120
1643	987	1170
1644	2729	2205
1645	1038	270
1646	533	1857
1647	2908	2767
1648	1652	492
1649	41	1001
1650	2638	2692
1651	1907	66
1652	699	1954
1653	2641	2499
1654	1288	577
1655	448	1729
1656	2419	2122
1657	1494	720
1658	617	1881
1659	2167	2070
1660	1321	568
1661	339	1226
1662	2571	2239
1663	1572	489
1664	13	1391
1665	2351	2579
1666	1909	154
1667	847	1046
1668	2539	2724
1669	1263	44
1670	98	1320
1671	2505	2214
1672	1765	768
1673	119	1627
1674	2470	2857
1675	1569	359
1676	807	1838
1677	2484	2808
1678	1332	476
1679	914	1325
1680	2750	2467
1681	1958	188
1682	437	1744
1683	2356	2429
1684	1807	407
1685	791	1550
1686	2879	2909
1687	1605	829
1688	839	1150
1689	2673	2550
1690	1742	303
1691	142	1153
1692	2461	2390
1693	1037	224
1694	752	1259
1695	2699	2692
1696	1707	664
1697	82	1828
1698	2946	2322
1699	1472	523
1700	471	1894
1701	2720	2526
1702	1499	897
1703	709	1495
1704	2493	2257
1705	1539	107
1706	975	1303
1707	2335	2986
1708	1394	165
1709	515	1171
1710	2561	2918
1711	1348	164
1712	514	1050
1713	2441	2429
1714	1429	918
1715	843	1517
1716	2855	2273
1717	1866	247
1718	750	1800
1719	2539	2866
1720	1275	252
1721	607	1274
1722	2796	2452
1723	1679	524
1724	870	1990
1725	2575	2733
1726	1534	999
1727	47	1028
1728	2099	2766
1729	1161	945
1730	571	1034
1731	2819	2043
1732	1147	518
1733	245	1185
1734	2632	2105
1735	1835	951
1736	17	1401
1737	2013	2177
1738	1787	746
1739	349	1424
1740	2568	2001
1741	1170	361
1742	305	1369
1743	2630	2567
1744	1916	797
1745	314	1985
1746	2290	2640
1747	1613	396
1748	40	1383
1749	2136	2234
1750	1730	928
1751	128	1750
1752	2345	2337
1753	1150	593
1754	443	1163
1755	2052	2535
1756	1196	53
1757	906	1739
1758	2588	2938
1759	1272	110
1760	59	1717
1761	2348	2572
1762	1018	895
1763	867	1968
1764	2603	2858
1765	1117	273
1766	290	1308
1767	2259	2106
1768	1953	211
1769	327	1655
1770	2211	2996
1771	1891	870
1772	54	1975
1773	2098	2299
1774	1577	334
1775	67	1140
1776	2677	2645
1777	1302	830
1778	471	1825
1779	2026	2671
1780	1085	89
1781	106	1048
1782	2965	2476
1783	1551	990
1784	669	1734
1785	2125	2893
1786	1527	933
1787	62	1061
1788	2457	2988
1789	1034	793
1790	293	1561
1791	2728	2945
1792	1698	135
1793	16	1729
1794	2347	2971
1795	1095	978
1796	239	1253
1797	2794	2534
1798	1577	369
1799	45	1370
1800	2922	2392
1801	1102	297
1802	964	1112
1803	2719	2537
1804	1945	283
1805	351	1864
1806	2220	2390
1807	1664	4
1808	705	1704
1809	2280	2261
1810	1112	293
1811	350	1665
1812	2808	2599
1813	1631	403
1814	840	1739
1815	2937	2828
1816	1823	635
1817	684	1734
1818	2856	2875
1819	1142	308
1820	990	1601
1821	2999	2459
1822	1452	402
1823	148	1599
1824	2121	2371
1825	1052	890
1826	403	1234
1827	2841	2310
1828	1810	984
1829	27	1779
1830	2047	2283
1831	1716	138
1832	908	1177
1833	2551	2470
1834	1336	862
1835	739	1598
1836	2552	2837
1837	1647	583
1838	891	1120
1839	2571	2900
1840	1738	46
1841	930	1699
1842	2127	2659
1843	1787	180
1844	409	1788
1845	2848	2024
1846	1828	161
1847	211	1285
1848	2648	2736
1849	1075	943
1850	479	1010
1851	2729	2939
1852	1090	432
1853	931	1380
1854	2622	2277
1855	1200	134
1856	267	1498
1857	2850	2998
1858	1042	758
1859	937	1214
1860	2063	2944
1861	1174	435
1862	73	1015
1863	2993	2365
1864	1029	334
1865	40	1083
1866	2098	2188
1867	1608	452
1868	954	1731
1869	2059	2519
1870	1646	119
1871	28	1148
1872	2533	2206
1873	1929	14
1874	697	1793
1875	2552	2183
1876	1703	490
1877	17	1214
1878	2910	2055
1879	1657	561
1880	788	1305
1881	2253	2918
1882	1956	926
1883	247	1704
1884	2586	2520
1885	1645	420
1886	637	1771
1887	2723	2551
1888	1283	680
1889	522	1539
1890	2198	2425
1891	1244	84
1892	985	1037
1893	2662	2099
1894	1718	502
1895	130	1627
1896	2049	2450
1897	1548	644
1898	909	1863
1899	2654	2054
1900	1940	549
1901	852	1999
1902	2263	2243
1903	1729	757
1904	819	1572
1905	2383	2887
1906	1461	60
1907	398	1911
1908	2838	2295
1909	1553	260
1910	81	1721
1911	2227	2526
1912	1558	641
1913	873	1450
1914	2979	2562
1915	1709	953
1916	31	1678
1917	2490	2488
1918	1697	615
1919	233	1428
1920	2562	2984
1921	1099	914
1922	140	1660
1923	2464	2417
1924	1363	478
1925	403	1769
1926	2487	2582
1927	1474	564
1928	409	1240
1929	2358	2497
1930	1367	408
1931	285	1292
1932	2444	2231
1933	1047	314
1934	810	1922
1935	2937	2104
1936	1872	638
1937	657	1363
1938	2550	2176
1939	1848	676
1940	15	1455
1941	2085	2596
1942	1054	724
1943	594	1604
1944	2506	2202
1945	1319	222
1946	301	1457
1947	2186	2577
1948	1986	445
1949	600	1119
1950	2924	2349
1951	1143	130
1952	812	1512
1953	2193	2167
1954	1397	563
1955	496	1057
1956	2750	2446
1957	1207	909
1958	110	1920
1959	2090	2970
1960	1534	191
1961	489	1370
1962	2680	2523
1963	1060	628
1964	613	1065
1965	2486	2415
1966	1848	117
1967	957	1728
1968	2069	2530
1969	1387	955
1970	463	1480
1971	2109	2202
1972	1968	701
1973	63	1669
1974	2916	2098
1975	1654	378
1976	714	1584
1977	2099	2764
1978	1383	874
1979	783	1369
1980	2166	2120
1981	1445	92
1982	547	1347
1983	2300	2667
1984	1331	682
1985	680	1268
1986	2042	2336
1987	1177	345
1988	509	1365
1989	2641	2969
1990	1128	866
1991	797	1910
1992	2615	2387
1993	1424	843
1994	372	1197
1995	2430	2049
1996	1910	834
1997	826	1219
1998	2806	2666
1999	1048	565
2000	754	1850
2001	2916	2014
2002	1850	469
2003	103	1652
2004	2752	2148
2005	1026	841
2006	996	1624
2007	2979	2698
2008	1668	574
2009	54	1877
2010	2213	2947
2011	1184	163
2012	894	1608
2013	2767	2469
2014	1726	942
2015	558	1353
2016	2582	2397
2017	1643	622
2018	805	1017
2019	2049	2958
2020	1464	883
2021	883	1545
2022	2999	2942
2023	1707	135
2024	513	1203
2025	2822	2378
2026	1444	384
2027	68	1740
2028	2323	2151
2029	1365	647
2030	531	1703
2031	2908	2196
2032	1325	377
2033	504	1375
2034	2564	2803
2035	1526	588
2036	24	1217
2037	2262	2496
2038	1510	178
2039	866	1264
2040	2992	2737
2041	1090	193
2042	974	1520
2043	2087	2165
2044	1794	245
2045	677	1885
2046	2635	2456
2047	1260	686
2048	150	1443
2049	2742	2129
2050	1836	141
2051	864	1548
2052	2689	2698
2053	1972	192
2054	941	1740
2055	2897	2452
2056	1523	728
2057	164	1207
2058	2569	2825
2059	1113	91
2060	106	1836
2061	2727	2966
2062	1073	347
2063	207	1291
2064	2801	2114
2065	1577	626
2066	134	1197
2067	2561	2282
2068	1311	155
2069	727	1669
2070	2337	2319
2071	1075	30
2072	897	1620
2073	2381	2722
2074	1448	191
2075	821	1569
2076	2809	2469
2077	1236	486
2078	941	1056
2079	2410	2935
2080	1544	703
2081	549	1865
2082	2350	2453
2083	1091	313
2084	206	1648
2085	2251	2074
2086	1803	623
2087	87	1097
2088	2585	2751
2089	1837	224
2090	63	1864
2091	2064	2320
2092	1651	919
2093	184	1501
2094	2971	2398
2095	1165	506
2096	939	1884
2097	2303	2392
2098	1780	829
2099	566	1503
2100	2957	2362
2101	1644	189
2102	246	1774
2103	2050	2016
2104	1361	787
2105	850	1540
2106	2396	2258
2107	1165	215
2108	237	1556
2109	2514	2376
2110	1405	487
2111	663	1006
2112	2020	2863
2113	1585	243
2114	973	1969
2115	2645	2651
2116	1228	548
2117	41	1359
2118	2796	2994
2119	1604	279
2120	501	1444
2121	2984	2372
2122	1211	738
2123	765	1297
2124	2197	2581
2125	1824	535
2126	728	1308
2127	2318	2848
2128	1741	548
2129	353	1527
2130	2709	2595
2131	1905	978
2132	214	1127
2133	2739	2318
2134	1308	598
2135	947	1996
2136	2441	2745
2137	1533	957
2138	722	1602
2139	2978	2861
2140	1742	769
2141	401	1699
2142	2513	2904
2143	1012	229
2144	965	1623
2145	2359	2396
2146	1050	959
2147	332	1276
2148	2534	2136
2149	1657	574
2150	908	1847
2151	2360	2882
2152	1924	728
2153	918	1768
2154	2202	2426
2155	1238	264
2156	894	1569
2157	2763	2056
2158	1219	921
2159	305	1932
2160	2010	2193
2161	1019	635
2162	160	1434
2163	2435	2256
2164	1962	764
2165	762	1462
2166	2608	2224
2167	1744	2
2168	865	1049
2169	2908	2564
2170	1260	545
2171	625	1038
2172	2609	2985
2173	1577	541
2174	944	1967
2175	2841	2183
2176	1172	910
2177	4	1822
2178	2567	2098
2179	1375	284
2180	178	1412
2181	2360	2537
2182	1631	942
2183	538	1747
2184	2113	2966
2185	1831	637
2186	125	1673
2187	2103	2168
2188	1766	650
2189	242	1099
2190	2811	2715
2191	1994	758
2192	220	1866
2193	2386	2684
2194	1639	96
2195	917	1441
2196	2823	2235
2197	1544	293
2198	2	1374
2199	2855	2857
2200	1218	270
2201	234	1281
2202	2978	2677
2203	1731	949
2204	563	1338
2205	2783	2457
2206	1500	316
2207	140	1714
2208	2266	2447
2209	1110	492
2210	384	1788
2211	2650	2044
2212	1376	159
2213	728	1781
2214	2780	2343
2215	1780	222
2216	835	1107
2217	2743	2752
2218	1820	492
2219	444	1297
2220	2277	2710
2221	1466	916
2222	425	1882
2223	2698	2625
2224	1113	264
2225	346	1404
2226	2999	2404
2227	1958	139
2228	623	1300
2229	2125	2883
2230	1327	731
2231	172	1033
2232	2600	2710
2233	1990	663
2234	979	1658
2235	2611	2157
2236	1234	709
2237	380	1619
2238	2690	2843
2239	1332	720
2240	879	1200
2241	2669	2813
2242	1520	876
2243	22	1751
2244	2976	2361
2245	1637	858
2246	353	1267
2247	2868	2372
2248	1355	253
2249	811	1636
2250	2477	2732
2251	1504	37
2252	868	1516
2253	2852	2338
2254	1663	936
2255	87	1378
2256	2384	2059
2257	1381	2
2258	442	1611
2259	2767	2686
2260	1097	60
2261	429	1847
2262	2906	2746
2263	1979	851
2264	390	1380
2265	2428	2009
2266	1822	399
2267	768	1905
2268	2413	2047
2269	1139	506
2270	111	1639
2271	2811	2453
2272	1081	806
2273	152	1110
2274	2164	2893
2275	1368	35
2276	861	1088
2277	2464	2542
2278	1586	997
2279	649	1745
2280	2865	2538
2281	1247	871
2282	145	1741
2283	2574	2260
2284	1993	411
2285	846	1506
2286	2858	2295
2287	1591	877
2288	360	1380
2289	2197	2694
2290	1401	521
2291	58	1527
2292	2592	2687
2293	1018	385
2294	817	1470
2295	2304	2513
2296	1384	967
2297	625	1335
2298	2838	2389
2299	1574	906
2300	630	1000
2301	2910	2698
2302	1112	138
2303	848	1128
2304	2158	2649
2305	1647	226
2306	898	1375
2307	2102	2381
2308	1039	408
2309	292	1414
2310	2651	2029
2311	1139	923
2312	668	1872
2313	2476	2367
2314	1388	563
2315	585	1289
2316	2111	2497
2317	1605	879
2318	917	1880
2319	2681	2902
2320	1171	515
2321	773	1201
2322	2900	2800
2323	1070	999
2324	188	1897
2325	2543	2277
2326	1582	711
2327	582	1963
2328	2437	2073
2329	1502	831
2330	174	1699
2331	2234	2091
2332	1085	736
2333	208	1659
2334	2725	2676
2335	1063	349
2336	943	1398
2337	2129	2365
2338	1575	703
2339	59	1853
2340	2313	2649
2341	1846	153
2342	378	1641
2343	2188	2671
2344	1304	518
2345	23	1690
2346	2614	2703
2347	1248	347
2348	170	1232
2349	2838	2119
2350	1892	210
2351	488	1633
2352	2208	2249
2353	1006	145
2354	406	1950
2355	2919	2240
2356	1882	62
2357	39	1704
2358	2180	2520
2359	1168	870
2360	417	1357
2361	2881	2306
2362	1966	725
2363	446	1114
2364	2152	2082
2365	1924	805
2366	153	1981
2367	2559	2429
2368	1904	723
2369	819	1586
2370	2864	2090
2371	1026	405
2372	802	1304
2373	2754	2171
2374	1901	770
2375	303	1333
2376	2116	2583
2377	1978	835
2378	444	1230
2379	2977	2133
2380	1745	61
2381	849	1288
2382	2521	2312
2383	1514	927
2384	376	1319
2385	2846	2054
2386	1874	639
2387	303	1240
2388	2906	2281
2389	1891	629
2390	287	1781
2391	2031	2906
2392	1071	899
2393	874	1175
2394	2753	2926
2395	1812	874
2396	821	1867
2397	2946	2265
2398	1896	269
2399	400	1800
2400	2487	2219
2401	1736	531
2402	342	1653
2403	2707	2240
2404	1860	690
2405	791	1847
2406	2937	2503
2407	1405	329
2408	432	1010
2409	2678	2906
2410	1557	964
2411	405	1851
2412	2847	2138
2413	1567	26
2414	484	1916
2415	2354	2036
2416	1528	749
2417	938	1967
2418	2291	2892
2419	1649	639
2420	764	1603
2421	2623	2356
2422	1857	305
2423	876	1509
2424	2051	2715
2425	1014	874
2426	223	1110
2427	2550	2616
2428	1836	39
2429	785	1066
2430	2488	2107
2431	1345	762
2432	295	1555
2433	2831	2948
2434	1882	978
2435	925	1784
2436	2203	2111
2437	1959	941
2438	663	1319
2439	2806	2924
2440	1855	82
2441	997	1627
2442	2883	2450
2443	1154	512
2444	684	1232
2445	2068	2481
2446	1571	316
2447	966	1261
2448	2221	2258
2449	1490	507
2450	479	1977
2451	2724	2036
2452	1941	775
2453	697	1596
2454	2311	2010
2455	1373	42
2456	698	1164
2457	2189	2585
2458	1359	830
2459	237	1962
2460	2519	2395
2461	1007	595
2462	171	1325
2463	2241	2097
2464	1096	281
2465	777	1239
2466	2949	2220
2467	1095	267
2468	393	1627
2469	2541	2909
2470	1036	363
2471	832	1822
2472	2574	2592
2473	1439	761
2474	852	1463
2475	2501	2215
2476	1869	463
2477	991	1566
2478	2597	2826
2479	1044	546
2480	372	1433
2481	2934	2133
2482	1673	561
2483	210	1566
2484	2972	2279
2485	1103	722
2486	637	1706
2487	2284	2136
2488	1758	196
2489	532	1198
2490	2591	2330
2491	1160	965
2492	903	1770
2493	2073	2757
2494	1666	760
2495	186	1686
2496	2658	2412
2497	1504	438
2498	845	1174
2499	2938	2966
2500	1762	983
2501	685	1652
2502	2494	2287
2503	1761	594
2504	559	1235
2505	2431	2903
2506	1132	606
2507	131	1025
2508	2470	2939
2509	1448	195
2510	392	1446
2511	2335	2203
2512	1990	811
2513	53	1064
2514	2244	2538
2515	1229	744
2516	433	1226
2517	2240	2472
2518	1965	923
2519	537	1806
2520	2487	2180
2521	1131	684
2522	656	1877
2523	2092	2451
2524	1904	800
2525	263	1355
2526	2366	2749
2527	1065	227
2528	40	1175
2529	2959	2732
2530	1949	434
2531	472	1979
2532	2448	2257
2533	1054	847
2534	382	1551
2535	2743	2939
2536	1381	117
2537	804	1275
2538	2639	2403
2539	1805	782
2540	972	1764
2541	2392	2400
2542	1149	421
2543	960	1464
2544	2294	2917
2545	1474	673
2546	989	1455
2547	2313	2795
2548	1057	675
2549	804	1651
2550	2350	2915
2551	1500	429
2552	151	1077
2553	2882	2375
2554	1125	545
2555	142	1191
2556	2783	2109
2557	1410	722
2558	864	1432
2559	2481	2521
2560	1230	39
2561	927	1344
2562	2804	2242
2563	1435	436
2564	775	1435
2565	2955	2305
2566	1122	135
2567	923	1679
2568	2461	2261
2569	1976	787
2570	982	1226
2571	2563	2986
2572	1821	332
2573	564	1730
2574	2183	2323
2575	1292	572
2576	619	1455
2577	2799	2991
2578	1611	704
2579	98	1597
2580	2846	2662
2581	1266	502
2582	893	1539
2583	2164	2730
2584	1507	349
2585	875	1191
2586	2961	2817
2587	1533	490
2588	200	1310
2589	2748	2392
2590	1635	71
2591	753	1904
2592	2107	2313
2593	1476	960
2594	113	1155
2595	2048	2316
2596	1572	428
2597	921	1496
2598	2720	2919
2599	1578	479
2600	563	1937
2601	2894	2141
2602	1750	129
2603	240	1857
2604	2790	2164
2605	1015	107
2606	689	1467
2607	2562	2748
2608	1900	844
2609	151	1595
2610	2456	2992
2611	1739	171
2612	905	1864
2613	2138	2473
2614	1097	614
2615	416	1167
2616	2545	2214
2617	1898	294
2618	35	1744
2619	2092	2889
2620	1220	502
2621	621	1158
2622	2778	2514
2623	1546	53
2624	751	1867
2625	2570	2874
2626	1200	117
2627	918	1000
2628	2974	2040
2629	1629	920
2630	452	1073
2631	2265	2764
2632	1196	570
2633	257	1390
2634	2614	2167
2635	1429	682
2636	135	1142
2637	2736	2839
2638	1394	665
2639	445	1366
2640	2180	2940
2641	1673	946
2642	23	1288
2643	2798	2895
2644	1949	406
2645	767	1387
2646	2656	2248
2647	1375	188
2648	693	1460
2649	2622	2491
2650	1557	114
2651	427	1909
2652	2782	2066
2653	1178	444
2654	32	1666
2655	2106	2477
2656	1629	35
2657	489	1282
2658	2298	2400
2659	1069	764
2660	64	1217
2661	2026	2050
2662	1904	552
2663	149	1741
2664	2411	2383
2665	1674	580
2666	442	1414
2667	2795	2527
2668	1057	201
2669	473	1014
2670	2192	2741
2671	1871	427
2672	177	1235
2673	2492	2735
2674	1321	135
2675	164	1291
2676	2862	2330
2677	1130	583
2678	722	1104
2679	2689	2312
2680	1740	703
2681	677	1493
2682	2744	2048
2683	1333	643
2684	889	1009
2685	2589	2752
2686	1568	787
2687	910	1064
2688	2443	2297
2689	1788	984
2690	143	1922
2691	2141	2445
2692	1528	313
2693	696	1424
2694	2703	2071
2695	1253	454
2696	270	1677
2697	2608	2892
2698	1913	374
2699	972	1719
2700	2577	2465
2701	1515	864
2702	864	1776
2703	2894	2480
2704	1547	335
2705	267	1137
2706	2757	2597
2707	1725	193
2708	968	1774
2709	2958	2605
2710	1512	0
2711	566	1916
2712	2136	2622
2713	1573	52
2714	593	1947
2715	2972	2762
2716	1021	720
2717	351	1060
2718	2980	2278
2719	1299	901
2720	658	1419
2721	2736	2103
2722	1675	95
2723	521	1272
2724	2250	2662
2725	1805	84
2726	637	1118
2727	2871	2766
2728	1547	330
2729	537	1851
2730	2191	2464
2731	1347	153
2732	766	1913
2733	2500	2370
2734	1969	145
2735	185	1066
2736	2037	2430
2737	1305	688
2738	334	1384
2739	2452	2573
2740	1302	766
2741	587	1434
2742	2021	2142
2743	1627	903
2744	294	1553
2745	2661	2220
2746	1832	278
2747	112	1659
2748	2982	2120
2749	1939	126
2750	710	1447
2751	2239	2248
2752	1745	261
2753	527	1573
2754	2424	2519
2755	1472	394
2756	772	1175
2757	2071	2403
2758	1215	139
2759	491	1006
2760	2528	2219
2761	1006	0
2762	67	1447
2763	2233	2213
2764	1562	546
2765	673	1781
2766	2443	2850
2767	1123	204
2768	594	1016
2769	2924	2717
2770	1120	119
2771	125	1607
2772	2196	2477
2773	1471	310
2774	985	1636
2775	2223	2881
2776	1142	854
2777	198	1991
2778	2920	2907
2779	1017	672
2780	186	1709
2781	2818	2079
2782	1801	579
2783	101	1632
2784	2604	2987
2785	1216	867
2786	740	1605
2787	2252	2702
2788	1676	508
2789	874	1681
2790	2337	2436
2791	1519	604
2792	635	1819
2793	2811	2596
2794	1048	781
2795	471	1161
2796	2437	2244
2797	1679	665
2798	959	1661
2799	2961	2527
2800	1609	703
2801	883	1900
2802	2635	2660
2803	1862	524
2804	339	1258
2805	2298	2260
2806	1040	704
2807	392	1403
2808	2018	2213
2809	1907	97
2810	522	1621
2811	2902	2410
2812	1936	962
2813	264	1475
2814	2923	2266
2815	1178	661
2816	316	1617
2817	2690	2022
2818	1767	887
2819	243	1932
2820	2312	2425
2821	1171	877
2822	662	1457
2823	2176	2245
2824	1195	436
2825	45	1951
2826	2776	2966
2827	1239	999
2828	560	1239
2829	2418	2961
2830	1118	144
2831	943	1459
2832	2322	2000
2833	1823	929
2834	159	1381
2835	2467	2055
2836	1148	592
2837	173	1214
2838	2311	2003
2839	1230	887
2840	293	1775
2841	2985	2675
2842	1573	990
2843	922	1554
2844	2596	2866
2845	1334	569
2846	998	1104
2847	2008	2713
2848	1542	630
2849	533	1871
2850	2269	2623
2851	1487	56
2852	34	1778
2853	2067	2940
2854	1907	231
2855	350	1237
2856	2321	2500
2857	1280	962
2858	817	1609
2859	2739	2221
2860	1258	52
2861	44	1114
2862	2167	2460
2863	1468	257
2864	377	1177
2865	2980	2509
2866	1292	126
2867	361	1854
2868	2259	2077
2869	1340	223
2870	505	1578
2871	2010	2898
2872	1410	574
2873	176	1521
2874	2868	2137
2875	1896	40
2876	869	1233
2877	2035	2757
2878	1039	914
2879	262	1358
2880	2137	2511
2881	1311	463
2882	190	1105
2883	2225	2611
2884	1786	379
2885	566	1592
2886	2732	2691
2887	1287	691
2888	168	1333
2889	2266	2431
2890	1725	123
2891	493	1439
2892	2634	2861
2893	1074	254
2894	387	1306
2895	2361	2207
2896	1618	863
2897	218	1910
2898	2617	2265
2899	1117	426
2900	706	1513
2901	2233	2988
2902	1026	365
2903	668	1525
2904	2824	2389
2905	1693	785
2906	141	1944
2907	2413	2248
2908	1844	45
2909	615	1384
2910	2597	2491
2911	1503	628
2912	803	1739
2913	2000	2432
2914	1591	791
2915	952	1100
2916	2448	2053
2917	1921	899
2918	930	1553
2919	2635	2876
2920	1739	936
2921	660	1057
2922	2010	2378
2923	1019	262
2924	723	1698
2925	2596	2358
2926	1873	271
2927	504	1250
2928	2852	2657
2929	1705	971
2930	293	1013
2931	2640	2181
2932	1199	880
2933	536	1960
2934	2169	2948
2935	1399	126
2936	533	1756
2937	2430	2590
2938	1102	709
2939	657	1102
2940	2264	2334
2941	1244	233
2942	896	1618
2943	2443	2475
2944	1212	969
2945	21	1188
2946	2090	2566
2947	1573	33
2948	778	1147
2949	2688	2046
2950	1888	613
2951	312	1040
2952	2354	2084
2953	1253	497
2954	695	1410
2955	2428	2739
2956	1588	729
2957	735	1475
2958	2516	2334
2959	1916	256
2960	416	1768
2961	2836	2770
2962	1321	458
2963	798	1117
2964	2548	2420
2965	1504	242
2966	925	1870
2967	2926	2629
2968	1196	429
2969	663	1167
2970	2511	2079
2971	1652	2
2972	636	1878
2973	2271	2979
2974	1505	826
2975	954	1218
2976	2314	2208
2977	1624	244
2978	258	1816
2979	2703	2011
2980	1771	536
2981	393	1250
2982	2047	2544
2983	1053	424
2984	822	1591
2985	2362	2227
2986	1558	909
2987	734	1726
2988	2092	2634
2989	1787	364
2990	872	1686
2991	2221	2494
2992	1008	564
2993	599	1705
2994	2328	2919
2995	1813	866
2996	67	1388
2997	2010	2973
2998	1226	187
2999	399	1675
3000	2557	2796
3001	1430	65
3002	917	1878
3003	2977	2274
3004	1788	496
3005	487	1465
3006	2635	2504
3007	1743	395
3008	292	1239
3009	2002	2727
3010	1504	922
3011	273	1215
3012	2627	2764
3013	1919	61
3014	852	1213
3015	2427	2681
3016	1056	387
3017	677	1996
3018	2426	2558
3019	1183	187
3020	540	1757
3021	2616	2132
3022	1139	682
3023	292	1720
3024	2424	2817
3025	1608	657
3026	440	1508
3027	2193	2085
3028	1675	534
3029	864	1481
3030	2969	2321
3031	1603	248
3032	603	1369
3033	2017	2374
3034	1199	193
3035	217	1521
3036	2155	2745
3037	1059	616
3038	923	1900
3039	2466	2319
3040	1172	97
3041	966	1374
3042	2870	2318
3043	1214	372
3044	167	1818
3045	2798	2878
3046	1163	281
3047	545	1875
3048	2889	2965
3049	1229	591
3050	816	1982
3051	2320	2935
3052	1951	375
3053	138	1648
3054	2853	2830
3055	1376	799
3056	301	1794
3057	2105	2794
3058	1010	339
3059	805	1469
3060	2602	2124
3061	1864	248
3062	2	1606
3063	2305	2237
3064	1011	522
3065	20	1502
3066	2228	2486
3067	1928	747
3068	49	1168
3069	2101	2973
3070	1917	168
3071	58	1571
3072	2171	2893
3073	1880	414
3074	580	1597
3075	2993	2664
3076	1400	495
3077	51	1646
3078	2967	2324
3079	1186	315
3080	466	1899
3081	2615	2307
3082	1351	903
3083	483	1313
3084	2000	2936
3085	1927	151
3086	115	1092
3087	2898	2891
3088	1852	480
3089	147	1919
3090	2843	2282
3091	1579	740
3092	353	1342
3093	2664	2615
3094	1993	796
3095	639	1169
3096	2662	2815
3097	1263	624
3098	447	1424
3099	2426	2832
3100	1788	223
3101	202	1405
3102	2339	2116
3103	1956	64
3104	597	1742
3105	2892	2257
3106	1253	304
3107	759	1608
3108	2391	2851
3109	1802	215
3110	188	1021
3111	2950	2559
3112	1087	837
3113	786	1999
3114	2072	2682
3115	1702	201
3116	1	1362
3117	2212	2752
3118	1415	41
3119	331	1746
3120	2227	2981
3121	1329	857
3122	537	1033
3123	2024	2876
3124	1026	946
3125	904	1118
3126	2184	2011
3127	1644	116
3128	266	1660
3129	2779	2049
3130	1112	584
3131	883	1544
3132	2522	2747
3133	1752	688
3134	66	1303
3135	2544	2018
3136	1418	708
3137	155	1754
3138	2218	2402
3139	1635	420
3140	457	1516
3141	2186	2340
3142	1157	703
3143	456	1482
3144	2554	2228
3145	1796	380
3146	835	1908
3147	2293	2364
3148	1913	647
3149	304	1505
3150	2247	2480
3151	1712	670
3152	149	1183
3153	2778	2566
3154	1341	482
3155	943	1133
3156	2615	2771
3157	1717	632
3158	999	1012
3159	2740	2562
3160	1382	532
3161	484	1158
3162	2051	2685
3163	1388	297
3164	834	1085
3165	2138	2053
3166	1552	431
3167	93	1448
3168	2862	2966
3169	1926	692
3170	940	1253
3171	2811	2416
3172	1546	277
3173	536	1174
3174	2161	2055
3175	1087	506
3176	118	1448
3177	2182	2901
3178	1556	88
3179	389	1956
3180	2782	2550
3181	1108	190
3182	704	1107
3183	2426	2239
3184	1873	986
3185	613	1148
3186	2770	2772
3187	1374	969
3188	478	1554
3189	2979	2039
3190	1670	277
3191	75	1563
3192	2719	2971
3193	1919	346
3194	897	1967
3195	2111	2183
3196	1315	584
3197	830	1303
3198	2984	2875
3199	1405	831
3200	566	1423
3201	2988	2098
3202	1570	450
3203	721	1503
3204	2282	2381
3205	1069	43
3206	207	1525
3207	2470	2895
3208	1944	625
3209	615	1028
3210	2598	2820
3211	1545	815
3212	60	1200
3213	2836	2711
3214	1764	434
3215	505	1844
3216	2999	2994
3217	1678	966
3218	927	1416
3219	2775	2805
3220	1242	922
3221	502	1610
3222	2276	2517
3223	1587	283
3224	251	1075
3225	2349	2671
3226	1489	866
3227	383	1761
3228	2428	2045
3229	1259	830
3230	354	1595
3231	2585	2960
3232	1808	900
3233	455	1118
3234	2924	2039
3235	1040	623
3236	383	1199
3237	2178	2115
3238	1299	734
3239	787	1830
3240	2333	2792
3241	1661	754
3242	104	1522
3243	2450	2558
3244	1152	114
3245	644	1162
3246	2287	2768
3247	1250	114
3248	453	1545
3249	2520	2650
3250	1490	843
3251	932	1706
3252	2879	2630
3253	1400	652
3254	802	1828
3255	2730	2627
3256	1954	232
3257	755	1643
3258	2149	2390
3259	1940	414
3260	147	1436
3261	2642	2309
3262	1768	802
3263	878	1597
3264	2447	2302
3265	1038	805
3266	510	1393
3267	2922	2781
3268	1010	48
3269	892	1570
3270	2183	2151
3271	1507	778
3272	876	1416
3273	2420	2758
3274	1103	857
3275	51	1477
3276	2175	2430
3277	1019	865
3278	312	1074
3279	2730	2822
3280	1954	585
3281	788	1150
3282	2072	2099
3283	1405	600
3284	532	1620
3285	2746	2978
3286	1822	491
3287	434	1847
3288	2053	2358
3289	1577	775
3290	980	1700
3291	2705	2922
3292	1643	30
3293	849	1943
3294	2560	2261
3295	1600	237
3296	722	1927
3297	2259	2389
3298	1823	431
3299	527	1321
3300	2783	2204
3301	1577	21
3302	935	1733
3303	2541	2729
3304	1696	312
3305	215	1146
3306	2300	2697
3307	1849	170
3308	48	1170
3309	2080	2283
3310	1916	644
3311	604	1091
3312	2232	2626
3313	1227	78
3314	5	1524
3315	2316	2925
3316	1414	332
3317	199	1191
3318	2846	2476
3319	1454	25
3320	275	1927
3321	2538	2196
3322	1974	893
3323	102	1090
3324	2917	2953
3325	1728	432
3326	274	1196
3327	2700	2232
3328	1326	866
3329	327	1522
3330	2747	2264
3331	1944	890
3332	8	1091
3333	2720	2010
3334	1108	603
3335	745	1687
3336	2628	2875
3337	1278	225
3338	782	1190
3339	2410	2463
3340	1361	260
3341	297	1873
3342	2412	2322
3343	1164	430
3344	189	1940
3345	2026	2937
3346	1694	523
3347	612	1161
3348	2804	2202
3349	1635	803
3350	759	1822
3351	2742	2737
3352	1114	175
3353	405	1619
3354	2849	2187
3355	1536	184
3356	702	1018
3357	2534	2892
3358	1865	525
3359	197	1719
3360	2491	2199
3361	1337	358
3362	683	1074
3363	2077	2649
3364	1098	103
3365	814	1249
3366	2291	2637
3367	1622	691
3368	436	1173
3369	2319	2094
3370	1613	596
3371	783	1441
3372	2946	2164
3373	1684	610
3374	633	1844
3375	2481	2259
3376	1690	500
3377	810	1639
3378	2684	2323
3379	1500	347
3380	673	1498
3381	2313	2637
3382	1428	18
3383	790	1659
3384	2305	2350
3385	1283	432
3386	700	1212
3387	2542	2667
3388	1326	996
3389	608	1005
3390	2765	2830
3391	1750	586
3392	296	1735
3393	2250	2784
3394	1691	91
3395	708	1140
3396	2552	2789
3397	1709	561
3398	759	1030
3399	2132	2186
3400	1143	439
3401	123	1190
3402	2569	2002
3403	1141	905
3404	315	1364
3405	2970	2401
3406	1968	273
3407	932	1460
3408	2665	2395
3409	1411	345
3410	736	1303
3411	2937	2033
3412	1755	704
3413	366	1172
3414	2933	2691
3415	1184	571
3416	590	1827
3417	2290	2698
3418	1794	320
3419	992	1629
3420	2247	2576
3421	1049	784
3422	630	1020
3423	2393	2620
3424	1079	812
3425	530	1547
3426	2429	2671
3427	1057	85
3428	902	1300
3429	2509	2386
3430	1870	126
3431	507	1699
3432	2049	2732
3433	1691	452
3434	723	1023
3435	2220	2008
3436	1633	935
3437	6	1140
3438	2480	2518
3439	1686	582
3440	211	1472
3441	2309	2983
3442	1230	590
3443	151	1230
3444	2305	2495
3445	1823	671
3446	952	1088
3447	2524	2810
3448	1697	154
3449	332	1314
3450	2990	2125
3451	1144	366
3452	930	1586
3453	2094	2223
3454	1085	754
3455	570	1061
3456	2098	2100
3457	1123	863
3458	674	1298
3459	2745	2552
3460	1892	896
3461	662	1297
3462	2509	2818
3463	1898	906
3464	115	1961
3465	2924	2327
3466	1134	367
3467	259	1481
3468	2933	2958
3469	1250	517
3470	553	1760
3471	2788	2399
3472	1247	897
3473	800	1674
3474	2694	2691
3475	1240	38
3476	342	1809
3477	2503	2619
3478	1516	819
3479	459	1201
3480	2718	2662
3481	1270	686
3482	119	1153
3483	2169	2153
3484	1387	923
3485	227	1130
3486	2411	2253
3487	1458	879
3488	288	1179
3489	2058	2790
3490	1092	649
3491	734	1067
3492	2209	2043
3493	1175	510
3494	534	1671
3495	2219	2888
3496	1976	737
3497	815	1588
3498	2100	2866
3499	1263	801
3500	361	1373
3501	2936	2055
3502	1462	542
3503	581	1186
3504	2268	2990
3505	1017	262
3506	843	1504
3507	2030	2938
3508	1692	755
3509	191	1668
3510	2260	2158
3511	1213	231
3512	294	1223
3513	2760	2873
3514	1821	920
3515	8	1542
3516	2909	2306
3517	1359	622
3518	463	1768
3519	2595	2855
3520	1938	907
3521	601	1951
3522	2972	2653
3523	1520	248
3524	67	1441
3525	2069	2356
3526	1772	130
3527	829	1025
3528	2882	2936
3529	1028	778
3530	44	1652
3531	2061	2075
3532	1262	349
3533	714	1649
3534	2971	2073
3535	1528	458
3536	251	1448
3537	2231	2839
3538	1404	662
3539	943	1879
3540	2442	2163
3541	1739	846
3542	192	1294
3543	2020	2682
3544	1662	961
3545	532	1956
3546	2433	2573
3547	1366	925
3548	59	1237
3549	2121	2280
3550	1794	709
3551	808	1251
3552	2773	2648
3553	1321	540
3554	489	1662
3555	2522	2394
3556	1253	853
3557	97	1742
3558	2890	2506
3559	1918	351
3560	579	1902
3561	2170	2993
3562	1848	444
3563	464	1625
3564	2014	2128
3565	1103	569
3566	690	1768
3567	2500	2789
3568	1741	410
3569	474	1733
3570	2361	2918
3571	1751	144
3572	728	1628
3573	2302	2942
3574	1733	339
3575	619	1036
3576	2247	2669
3577	1680	364
3578	441	1966
3579	2251	2306
3580	1027	269
3581	701	1730
3582	2915	2706
3583	1052	928
3584	434	1511
3585	2891	2417
3586	1138	818
3587	472	1028
3588	2977	2353
3589	1516	100
3590	440	1711
3591	2615	2934
3592	1713	763
3593	148	1048
3594	2813	2899
3595	1574	316
3596	15	1043
3597	2736	2588
3598	1307	903
3599	248	1698
3600	2416	2327
3601	1305	618
3602	813	1178
3603	2930	2571
3604	1707	11
3605	838	1108
3606	2596	2278
3607	1297	463
3608	486	1943
3609	2050	2317
3610	1142	821
3611	270	1728
3612	2964	2502
3613	1252	667
3614	369	1740
3615	2951	2503
3616	1557	140
3617	263	1523
3618	2166	2253
3619	1309	195
3620	627	1003
3621	2453	2578
3622	1961	640
3623	739	1850
3624	2703	2739
3625	1921	253
3626	833	1365
3627	2823	2218
3628	1207	734
3629	488	1650
3630	2710	2859
3631	1532	516
3632	577	1434
3633	2812	2129
3634	1810	446
3635	132	1975
3636	2234	2935
3637	1116	190
3638	247	1671
3639	2521	2467
3640	1968	241
3641	663	1269
3642	2554	2203
3643	1073	621
3644	573	1234
3645	2952	2199
3646	1829	537
3647	455	1713
3648	2869	2868
3649	1743	6
3650	802	1569
3651	2304	2756
3652	1286	953
3653	656	1135
3654	2363	2951
3655	1635	147
3656	780	1879
3657	2572	2863
3658	1151	663
3659	860	1119
3660	2987	2975
3661	1704	869
3662	888	1456
3663	2410	2418
3664	1626	527
3665	253	1533
3666	2044	2802
3667	1352	147
3668	487	1219
3669	2688	2284
3670	1526	288
3671	117	1559
3672	2690	2932
3673	1227	50
3674	859	1590
3675	2188	2122
3676	1183	483
3677	388	1756
3678	2063	2538
3679	1298	104
3680	869	1233
3681	2493	2957
3682	1889	548
3683	137	1165
3684	2108	2535
3685	1669	592
3686	406	1874
3687	2520	2046
3688	1428	675
3689	202	1268
3690	2197	2297
3691	1738	314
3692	637	1330
3693	2598	2868
3694	1770	530
3695	872	1865
3696	2983	2826
3697	1672	665
3698	873	1233
3699	2318	2153
3700	1111	195
3701	269	1383
3702	2283	2068
3703	1317	755
3704	877	1493
3705	2031	2045
3706	1203	876
3707	9	1033
3708	2851	2932
3709	1181	106
3710	424	1792
3711	2252	2490
3712	1068	467
3713	362	1428
3714	2792	2443
3715	1826	221
3716	963	1535
3717	2112	2179
3718	1993	85
3719	560	1541
3720	2506	2974
3721	1882	962
3722	152	1940
3723	2284	2136
3724	1800	340
3725	190	1504
3726	2393	2444
3727	1232	458
3728	941	1502
3729	2270	2126
3730	1155	751
3731	205	1770
3732	2223	2965
3733	1651	238
3734	353	1829
3735	2691	2883
3736	1363	421
3737	325	1514
3738	2366	2146
3739	1279	587
3740	476	1642
3741	2126	2189
3742	1504	420
3743	642	1343
3744	2319	2118
3745	1685	735
3746	636	1246
3747	2977	2581
3748	1856	623
3749	598	1045
3750	2310	2576
3751	1805	380
3752	106	1310
3753	2732	2615
3754	1400	696
3755	311	1056
3756	2422	2330
3757	1780	142
3758	185	1868
3759	2223	2805
3760	1808	115
3761	834	1705
3762	2206	2363
3763	1230	112
3764	867	1671
3765	2878	2544
3766	1325	560
3767	273	1728
3768	2728	2936
3769	1645	704
3770	764	1620
3771	2973	2055
3772	1949	878
3773	709	1973
3774	2949	2839
3775	1282	897
3776	143	1010
3777	2175	2823
3778	1108	621
3779	260	1213
3780	2201	2424
3781	1606	241
3782	311	1526
3783	2479	2673
3784	1963	161
3785	196	1534
3786	2077	2743
3787	1832	32
3788	583	1529
3789	2952	2108
3790	1436	188
3791	204	1627
3792	2750	2075
3793	1354	473
3794	190	1629
3795	2803	2396
3796	1320	301
3797	84	1076
3798	2333	2574
3799	1499	382
3800	256	1485
3801	2152	2372
3802	1848	888
3803	243	1796
3804	2765	2794
3805	1770	465
3806	907	1579
3807	2220	2888
3808	1592	102
3809	398	1031
3810	2846	2962
3811	1041	301
3812	446	1294
3813	2450	2288
3814	1896	978
3815	508	1801
3816	2052	2850
3817	1140	843
3818	359	1166
3819	2781	2254
3820	1251	401
3821	434	1554
3822	2882	2092
3823	1263	830
3824	238	1814
3825	2486	2073
3826	1295	96
3827	96	1072
3828	2156	2999
3829	1163	147
3830	736	1196
3831	2656	2424
3832	1204	474
3833	889	1442
3834	2318	2696
3835	1689	578
3836	784	1350
3837	2488	2571
3838	1940	464
3839	921	1964
3840	2442	2243
3841	1123	268
3842	916	1905
3843	2124	2434
3844	1675	903
3845	2	1925
3846	2573	2294
3847	1633	472
3848	64	1101
3849	2921	2706
3850	1704	534
3851	297	1930
3852	2550	2362
3853	1263	382
3854	967	1779
3855	2780	2281
3856	1339	273
3857	685	1818
3858	2680	2243
3859	1886	52
3860	212	1286
3861	2890	2693
3862	1273	6
3863	585	1554
3864	2732	2012
3865	1042	335
3866	818	1425
3867	2219	2450
3868	1442	553
3869	520	1137
3870	2302	2473
3871	1859	936
3872	281	1939
3873	2238	2759
3874	1391	331
3875	561	1806
3876	2341	2999
3877	1530	684
3878	25	1960
3879	2639	2766
3880	1945	218
3881	747	1095
3882	2656	2747
3883	1016	57
3884	485	1068
3885	2244	2640
3886	1330	962
3887	284	1383
3888	2891	2160
3889	1424	400
3890	709	1827
3891	2552	2333
3892	1733	53
3893	601	1431
3894	2149	2645
3895	1776	189
3896	653	1144
3897	2472	2112
3898	1559	327
3899	858	1717
3900	2834	2232
3901	1908	59
3902	731	1464
3903	2540	2154
3904	1954	557
3905	888	1921
3906	2505	2944
3907	1103	800
3908	505	1829
3909	2953	2197
3910	1242	432
3911	323	1566
3912	2905	2067
3913	1233	534
3914	935	1839
3915	2030	2471
3916	1124	935
3917	857	1083
3918	2079	2264
3919	1859	28
3920	141	1647
3921	2560	2485
3922	1646	103
3923	280	1602
3924	2955	2056
3925	1406	60
3926	131	1126
3927	2510	2321
3928	1563	392
3929	595	1341
3930	2468	2257
3931	1784	518
3932	997	1972
3933	2244	2924
3934	1768	670
3935	469	1626
3936	2192	2650
3937	1068	175
3938	865	1721
3939	2162	2049
3940	1078	930
3941	77	1701
3942	2744	2126
3943	1389	381
3944	56	1536
3945	2331	2786
3946	1149	272
3947	577	1407
3948	2632	2394
3949	1959	449
3950	15	1633
3951	2977	2597
3952	1580	69
3953	458	1881
3954	2180	2456
3955	1995	401
3956	157	1185
3957	2562	2303
3958	1380	357
3959	787	1376
3960	2921	2529
3961	1414	963
3962	145	1044
3963	2515	2429
3964	1101	773
3965	819	1741
3966	2590	2288
3967	1617	673
3968	735	1489
3969	2184	2004
3970	1623	691
3971	816	1619
3972	2252	2208
3973	1020	331
3974	484	1153
3975	2393	2805
3976	1933	939
3977	140	1130
3978	2290	2103
3979	1201	269
3980	860	1311
3981	2178	2686
3982	1965	265
3983	970	1826
3984	2658	2948
3985	1447	818
3986	786	1140
3987	2170	2713
3988	1913	653
3989	604	1292
3990	2286	2696
3991	1188	794
3992	318	1511
3993	2776	2460
3994	1131	375
3995	700	1236
3996	2304	2487
3997	1843	560
3998	174	1620
3999	2410	2308
4000	1077	278
4001	484	1137
4002	2858	2886
4003	1083	436
4004	272	1043
4005	2027	2953
4006	1995	44
4007	738	1892
4008	2990	2490
4009	1724	338
4010	543	1704
4011	2420	2272
4012	1789	995
4013	583	1421
4014	2741	2383
4015	1122	686
4016	381	1431
4017	2351	2707
4018	1177	888
4019	475	1216
4020	2577	2161
4021	1643	6
4022	984	1965
4023	2077	2539
4024	1519	933
4025	266	1121
4026	2860	2577
4027	1489	28
4028	28	1773
4029	2003	2154
4030	1207	850
4031	602	1017
4032	2408	2800
4033	1755	5
4034	413	1700
4035	2036	2694
4036	1169	101
4037	931	1583
4038	2201	2710
4039	1024	556
4040	866	1815
4041	2240	2739
4042	1520	122
4043	215	1060
4044	2814	2588
4045	1535	21
4046	836	1293
4047	2788	2716
4048	1852	646
4049	875	1367
4050	2148	2342
4051	1754	201
4052	358	1578
4053	2097	2367
4054	1514	156
4055	418	1645
4056	2133	2201
4057	1605	52
4058	469	1816
4059	2427	2811
4060	1714	8
4061	189	1005
4062	2449	2411
4063	1757	736
4064	410	1381
4065	2566	2740
4066	1142	951
4067	522	1183
4068	2155	2540
4069	1983	415
4070	370	1885
4071	2408	2730
4072	1710	301
4073	325	1600
4074	2347	2630
4075	1623	229
4076	236	1077
4077	2817	2033
4078	1090	644
4079	485	1365
4080	2160	2459
4081	1720	879
4082	339	1505
4083	2079	2773
4084	1488	718
4085	47	1487
4086	2201	2888
4087	1384	311
4088	676	1313
4089	2094	2894
4090	1856	538
4091	302	1452
4092	2594	2710
4093	1935	785
4094	262	1715
4095	2836	2579
4096	1246	503
4097	380	1082
4098	2559	2595
4099	1731	912
4100	870	1823
4101	2689	2385
4102	1728	919
4103	271	1908
4104	2194	2837
4105	1924	570
4106	204	1589
4107	2893	2175
4108	1135	448
4109	538	1020
4110	2240	2933
4111	1449	100
4112	221	1198
4113	2709	2989
4114	1902	462
4115	262	1169
4116	2296	2442
4117	1309	12
4118	576	1241
4119	2664	2482
4120	1346	697
4121	773	1157
4122	2603	2072
4123	1963	887
4124	632	1761
4125	2377	2262
4126	1898	116
4127	298	1228
4128	2241	2666
4129	1110	490
4130	426	1566
4131	2350	2969
4132	1739	121
4133	74	1729
4134	2697	2869
4135	1977	241
4136	970	1382
4137	2420	2073
4138	1250	744
4139	898	1750
4140	2869	2842
4141	1037	264
4142	822	1808
4143	2208	2706
4144	1173	36
4145	535	1913
4146	2301	2326
4147	1754	813
4148	418	1698
4149	2837	2227
4150	1690	1
4151	456	1425
4152	2796	2161
4153	1022	869
4154	656	1368
4155	2021	2533
4156	1670	69
4157	733	1053
4158	2536	2661
4159	1835	320
4160	217	1380
4161	2367	2740
4162	1357	104
4163	776	1839
4164	2649	2902
4165	1159	365
4166	489	1404
4167	2374	2424
4168	1423	482
4169	843	1290
4170	2745	2658
4171	1066	376
4172	796	1355
4173	2670	2229
4174	1026	916
4175	286	1366
4176	2964	2045
4177	1267	658
4178	720	1148
4179	2873	2167
4180	1491	53
4181	409	1796
4182	2211	2891
4183	1747	99
4184	12	1984
4185	2749	2895
4186	1421	394
4187	589	1428
4188	2511	2469
4189	1243	598
4190	647	1986
4191	2575	2234
4192	1970	438
4193	25	1190
4194	2382	2313
4195	1325	842
4196	678	1566
4197	2625	2487
4198	1126	262
4199	473	1147
4200	2700	2639
4201	1921	827
4202	114	1132
4203	2459	2920
4204	1973	375
4205	870	1601
4206	2285	2624
4207	1706	385
4208	478	1993
4209	2594	2156
4210	1793	619
4211	412	1416
4212	2049	2802
4213	1163	225
4214	356	1155
4215	2399	2012
4216	1365	42
4217	869	1101
4218	2376	2937
4219	1143	666
4220	974	1930
4221	2343	2603
4222	1322	527
4223	531	1039
4224	2734	2307
4225	1262	941
4226	334	1528
4227	2408	2018
4228	1557	82
4229	491	1024
4230	2199	2784
4231	1176	286
4232	216	1001
4233	2301	2841
4234	1996	880
4235	619	1160
4236	2556	2328
4237	1555	210
4238	101	1494
4239	2528	2891
4240	1662	933
4241	917	1812
4242	2695	2183
4243	1927	428
4244	166	1908
4245	2575	2367
4246	1992	596
4247	360	1289
4248	2662	2947
4249	1487	217
4250	715	1296
4251	2460	2434
4252	1301	93
4253	378	1735
4254	2011	2463
4255	1498	330
4256	416	1557
4257	2130	2392
4258	1821	825
4259	821	1515
4260	2663	2789
4261	1761	272
4262	218	1429
4263	2349	2500
4264	1782	431
4265	874	1642
4266	2819	2733
4267	1840	405
4268	236	1647
4269	2093	2548
4270	1508	207
4271	706	1915
4272	2287	2430
4273	1270	331
4274	593	1620
4275	2553	2207
4276	1412	916
4277	834	1283
4278	2875	2981
4279	1570	157
4280	217	1628
4281	2060	2367
4282	1065	177
4283	235	1866
4284	2261	2798
4285	1478	401
4286	826	1754
4287	2785	2886
4288	1650	450
4289	795	1861
4290	2497	2508
4291	1659	89
4292	476	1426
4293	2195	2759
4294	1279	32
4295	822	1060
4296	2276	2090
4297	1613	441
4298	862	1295
4299	2017	2235
4300	1441	95
4301	206	1653
4302	2941	2921
4303	1582	839
4304	429	1395
4305	2888	2785
4306	1172	731
4307	772	1055
4308	2624	2724
4309	1159	829
4310	972	1925
4311	2536	2399
4312	1501	763
4313	298	1007
4314	2851	2292
4315	1604	678
4316	543	1156
4317	2019	2989
4318	1867	495
4319	746	1911
4320	2097	2529
4321	1403	184
4322	23	1926
4323	2297	2799
4324	1477	69
4325	349	1451
4326	2233	2657
4327	1210	367
4328	297	1017
4329	2136	2585
4330	1618	777
4331	963	1766
4332	2971	2461
4333	1062	103
4334	60	1663
4335	2052	2372
4336	1555	279
4337	218	1697
4338	2958	2989
4339	1683	116
4340	818	1684
4341	2323	2433
4342	1258	321
4343	14	1875
4344	2876	2449
4345	1377	734
4346	309	1272
4347	2808	2513
4348	1189	157
4349	602	1851
4350	2043	2844
4351	1714	911
4352	828	1927
4353	2738	2314
4354	1441	226
4355	721	1828
4356	2437	2144
4357	1685	994
4358	698	1400
4359	2065	2208
4360	1631	164
4361	543	1622
4362	2794	2132
4363	1226	987
4364	589	1469
4365	2465	2580
4366	1597	645
4367	272	1989
4368	2586	2066
4369	1234	5
4370	959	1595
4371	2537	2699
4372	1408	181
4373	588	1041
4374	2668	2686
4375	1709	186
4376	539	1980
4377	2466	2891
4378	1190	232
4379	162	1605
4380	2029	2547
4381	1060	229
4382	731	1146
4383	2281	2603
4384	1119	499
4385	616	1133
4386	2588	2685
4387	1086	895
4388	412	1598
4389	2975	2107
4390	1187	308
4391	154	1771
4392	2689	2474
4393	1138	425
4394	415	1220
4395	2196	2606
4396	1703	204
4397	599	1887
4398	2452	2407
4399	1739	345
4400	194	1656
4401	2911	2867
4402	1402	426
4403	486	1994
4404	2727	2273
4405	1423	625
4406	946	1911
4407	2796	2110
4408	1329	965
4409	953	1539
4410	2320	2095
4411	1033	340
4412	778	1166
4413	2760	2007
4414	1076	602
4415	379	1560
4416	2306	2840
4417	1569	510
4418	651	1966
4419	2418	2716
4420	1866	681
4421	125	1414
4422	2857	2095
4423	1610	781
4424	127	1059
4425	2977	2255
4426	1074	774
4427	324	1205
4428	2677	2694
4429	1008	503
4430	851	1517
4431	2005	2054
4432	1778	166
4433	235	1057
4434	2551	2720
4435	1816	562
4436	873	1645
4437	2805	2865
4438	1685	255
4439	518	1876
4440	2200	2670
4441	1997	592
4442	513	1958
4443	2815	2841
4444	1748	679
4445	823	1775
4446	2131	2510
4447	1855	817
4448	592	1640
4449	2895	2136
4450	1564	793
4451	60	1527
4452	2901	2368
4453	1831	782
4454	528	1409
4455	2097	2067
4456	1912	185
4457	493	1160
4458	2986	2281
4459	1013	549
4460	248	1791
4461	2294	2197
4462	1306	652
4463	167	1620
4464	2109	2889
4465	1638	156
4466	55	1593
4467	2378	2145
4468	1304	384
4469	529	1235
4470	2252	2598
4471	1787	673
4472	337	1696
4473	2973	2823
4474	1273	815
4475	530	1995
4476	2772	2711
4477	1027	216
4478	267	1608
4479	2773	2799
4480	1808	620
4481	120	1598
4482	2097	2328
4483	1818	16
4484	702	1033
4485	2589	2030
4486	1616	251
4487	692	1864
4488	2955	2757
4489	1606	462
4490	846	1133
4491	2832	2995
4492	1805	504
4493	466	1136
4494	2763	2043
4495	1233	310
4496	282	1379
4497	2555	2740
4498	1077	966
4499	885	1345
4500	2719	2236
4501	1578	235
4502	125	1101
4503	2655	2340
4504	1458	575
4505	103	1805
4506	2348	2485
4507	1355	667
4508	416	1962
4509	2628	2942
4510	1042	107
4511	284	1790
4512	2389	2711
4513	1053	57
4514	454	1751
4515	2320	2465
4516	1470	872
4517	667	1801
4518	2769	2252
4519	1200	557
4520	842	1417
4521	2899	2576
4522	1579	948
4523	443	1961
4524	2675	2853
4525	1399	553
4526	363	1824
4527	2891	2692
4528	1777	388
4529	715	1817
4530	2422	2095
4531	1443	614
4532	168	1224
4533	2061	2682
4534	1873	109
4535	141	1377
4536	2355	2523
4537	1920	78
4538	698	1904
4539	2499	2440
4540	1464	398
4541	346	1068
4542	2758	2466
4543	1512	936
4544	203	1461
4545	2300	2579
4546	1950	80
4547	131	1142
4548	2673	2694
4549	1297	828
4550	708	1981
4551	2368	2366
4552	1525	537
4553	711	1507
4554	2656	2525
4555	1590	195
4556	910	1609
4557	2917	2670
4558	1880	301
4559	724	1096
4560	2152	2929
4561	1806	7
4562	199	1928
4563	2728	2237
4564	1541	858
4565	792	1925
4566	2000	2002
4567	1343	135
4568	637	1089
4569	2815	2714
4570	1084	106
4571	537	1025
4572	2595	2699
4573	1194	185
4574	374	1767
4575	2220	2348
4576	1416	686
4577	148	1119
4578	2461	2578
4579	1225	331
4580	380	1310
4581	2801	2976
4582	1319	722
4583	173	1804
4584	2822	2625
4585	1969	295
4586	477	1348
4587	2788	2170
4588	1772	693
4589	810	1436
4590	2391	2124
4591	1790	315
4592	127	1759
4593	2640	2601
4594	1363	207
4595	135	1245
4596	2353	2888
4597	1448	160
4598	203	1287
4599	2920	2444
4600	1174	362
4601	823	1362
4602	2329	2715
4603	1194	627
4604	55	1691
4605	2386	2077
4606	1218	19
4607	39	1425
4608	2817	2281
4609	1269	704
4610	220	1224
4611	2954	2254
4612	1300	743
4613	87	1974
4614	2410	2468
4615	1265	276
4616	400	1441
4617	2466	2940
4618	1601	77
4619	59	1044
4620	2153	2876
4621	1983	969
4622	178	1897
4623	2808	2151
4624	1094	239
4625	1	1844
4626	2721	2869
4627	1548	765
4628	752	1675
4629	2956	2620
4630	1601	233
4631	437	1707
4632	2129	2877
4633	1209	828
4634	51	1329
4635	2088	2941
4636	1682	230
4637	830	1940
4638	2019	2356
4639	1766	433
4640	148	1850
4641	2933	2348
4642	1871	392
4643	933	1499
4644	2661	2814
4645	1300	232
4646	733	1718
4647	2714	2817
4648	1307	625
4649	697	1328
4650	2082	2622
4651	1210	201
4652	858	1327
4653	2566	2045
4654	1544	200
4655	212	1538
4656	2220	2853
4657	1813	235
4658	694	1424
4659	2359	2856
4660	1129	335
4661	975	1990
4662	2483	2980
4663	1114	862
4664	919	1011
4665	2144	2303
4666	1510	687
4667	33	1709
4668	2338	2075
4669	1334	924
4670	624	1906
4671	2419	2975
4672	1180	517
4673	810	1408
4674	2638	2605
4675	1702	711
4676	618	1352
4677	2948	2970
4678	1704	6
4679	473	1031
4680	2652	2198
4681	1429	884
4682	826	1861
4683	2452	2924
4684	1684	180
4685	306	1163
4686	2692	2928
4687	1435	966
4688	665	1299
4689	2890	2677
4690	1384	583
4691	139	1277
4692	2165	2179
4693	1666	502
4694	167	1039
4695	2676	2008
4696	1395	747
4697	391	1086
4698	2018	2233
4699	1976	398
4700	845	1876
4701	2385	2138
4702	1363	296
4703	467	1868
4704	2592	2848
4705	1248	360
4706	87	1004
4707	2031	2114
4708	1599	336
4709	953	1724
4710	2663	2214
4711	1768	570
4712	796	1349
4713	2143	2887
4714	1932	935
4715	685	1056
4716	2303	2839
4717	1768	679
4718	379	1069
4719	2562	2849
4720	1327	577
4721	744	1760
4722	2148	2618
4723	1533	956
4724	62	1324
4725	2974	2781
4726	1218	846
4727	257	1045
4728	2845	2118
4729	1102	569
4730	385	1904
4731	2665	2089
4732	1243	105
4733	639	1499
4734	2760	2500
4735	1483	963
4736	338	1303
4737	2387	2730
4738	1002	947
4739	92	1563
4740	2532	2134
4741	1561	446
4742	809	1862
4743	2625	2695
4744	1454	503
4745	879	1698
4746	2118	2143
4747	1802	741
4748	869	1946
4749	2701	2548
4750	1765	375
4751	537	1815
4752	2177	2384
4753	1076	151
4754	802	1789
4755	2027	2195
4756	1061	11
4757	160	1076
4758	2392	2382
4759	1843	432
4760	22	1458
4761	2702	2333
4762	1614	939
4763	400	1629
4764	2262	2823
4765	1558	686
4766	942	1972
4767	2570	2421
4768	1970	515
4769	213	1307
4770	2519	2725
4771	1100	13
4772	899	1861
4773	2313	2885
4774	1276	856
4775	612	1569
4776	2436	2861
4777	1017	930
4778	55	1114
4779	2811	2093
4780	1661	796
4781	77	1358
4782	2009	2136
4783	1016	863
4784	389	1706
4785	2218	2226
4786	1574	340
4787	181	1040
4788	2903	2239
4789	1316	497
4790	723	1959
4791	2338	2654
4792	1863	277
4793	584	1056
4794	2751	2595
4795	1646	840
4796	265	1822
4797	2724	2057
4798	1561	43
4799	574	1226
4800	2647	2525
4801	1441	490
4802	299	1829
4803	2867	2623
4804	1087	555
4805	785	1601
4806	2471	2746
4807	1517	835
4808	88	1678
4809	2780	2782
4810	1306	149
4811	406	1393
4812	2108	2142
4813	1968	349
4814	909	1843
4815	2756	2298
4816	1210	835
4817	747	1407
4818	2051	2568
4819	1672	123
4820	662	1614
4821	2772	2273
4822	1777	497
4823	342	1751
4824	2497	2266
4825	1710	869
4826	317	1929
4827	2734	2658
4828	1996	157
4829	77	1040
4830	2096	2584
4831	1481	996
4832	188	1492
4833	2549	2478
4834	1889	551
4835	38	1571
4836	2379	2673
4837	1545	639
4838	289	1695
4839	2804	2898
4840	1208	409
4841	944	1336
4842	2118	2143
4843	1169	13
4844	239	1456
4845	2451	2123
4846	1093	176
4847	322	1656
4848	2309	2508
4849	1661	510
4850	452	1178
4851	2504	2816
4852	1751	670
4853	209	1027
4854	2660	2305
4855	1242	620
4856	286	1807
4857	2009	2829
4858	1217	103
4859	568	1715
4860	2906	2018
4861	1166	820
4862	557	1276
4863	2864	2902
4864	1218	972
4865	486	1538
4866	2368	2206
4867	1796	902
4868	144	1970
4869	2426	2468
4870	1546	655
4871	955	1070
4872	2245	2194
4873	1751	789
4874	773	1288
4875	2566	2602
4876	1468	976
4877	579	1705
4878	2102	2987
4879	1176	502
4880	681	1783
4881	2607	2254
4882	1220	257
4883	674	1444
4884	2130	2101
4885	1095	739
4886	937	1525
4887	2469	2996
4888	1528	727
4889	383	1989
4890	2032	2016
4891	1555	500
4892	357	1324
4893	2634	2396
4894	1107	869
4895	993	1851
4896	2824	2330
4897	1337	850
4898	767	1520
4899	2173	2449
4900	1670	298
4901	957	1569
4902	2626	2943
4903	1120	913
4904	319	1797
4905	2763	2703
4906	1952	875
4907	473	1907
4908	2972	2561
4909	1504	896
4910	938	1463
4911	2247	2857
4912	1855	384
4913	704	1760
4914	2823	2763
4915	1903	385
4916	296	1424
4917	2327	2588
4918	1824	863
4919	880	1636
4920	2821	2434
4921	1581	343
4922	438	1790
4923	2016	2505
4924	1590	856
4925	665	1069
4926	2811	2689
4927	1505	996
4928	648	1384
4929	2423	2149
4930	1429	24
4931	394	1147
4932	2033	2133
4933	1401	318
4934	201	1050
4935	2726	2293
4936	1852	745
4937	838	1455
4938	2875	2151
4939	1011	954
4940	431	1199
4941	2248	2771
4942	1946	405
4943	925	1952
4944	2972	2896
4945	1181	403
4946	659	1963
4947	2323	2429
4948	1229	903
4949	188	1866
4950	2404	2820
4951	1331	390
4952	440	1359
4953	2077	2358
4954	1715	82
4955	29	1019
4956	2272	2392
4957	1840	549
4958	44	1899
4959	2850	2704
4960	1356	575
4961	173	1102
4962	2908	2562
4963	1796	907
4964	366	1436
4965	2007	2246
4966	1816	294
4967	592	1235
4968	2663	2073
4969	1419	219
4970	181	1404
4971	2763	2480
4972	1370	501
4973	212	1247
4974	2634	2754
4975	1144	272
4976	811	1720
4977	2888	2211
4978	1579	307
4979	252	1134
4980	2877	2398
4981	1207	207
4982	194	1519
4983	2722	2957
4984	1260	690
4985	312	1310
4986	2806	2639
4987	1196	416
4988	699	1631
4989	2168	2975
4990	1971	24
4991	377	1971
4992	2399	2888
4993	1496	162
4994	451	1473
4995	2775	2229
4996	1420	882
4997	4	1659
4998	2763	2374
4999	1380	264
