0	2119	2854
1	1661	214
2	558	1298
3	2659	2647
4	1518	699
5	926	1106
6	2197	2180
7	1297	610
8	266	1507
9	2030	2519
10	1100	679
11	837	1893
12	2484	2221
13	1629	307
14	928	1772
15	2791	2757
16	1349	54
17	655	1263
18	2914	2876
19	1836	66
20	396	1000
21	2397	2576
22	1028	878
23	536	1945
24	2819	2276
25	1235	51
26	742	1874
27	2094	2894
28	1305	58
29	807	1305
30	2828	2005
31	1148	872
32	710	1294
33	2526	2460
34	1220	800
35	965	1430
36	2385	2898
37	1391	121
38	340	1452
39	2979	2581
40	1431	168
41	293	1868
42	2566	2967
43	1966	697
44	464	1376
45	2860	2910
46	1819	682
47	529	1840
48	2276	2861
49	1507	247
50	817	1635
51	2617	2306
52	1427	422
53	217	1046
54	2314	2072
55	1180	399
56	19	1449
57	2826	2185
58	1629	255
59	238	1540
60	2856	2374
61	1389	911
62	580	1291
63	2395	2781
64	1164	688
65	615	1281
66	2672	2804
67	1755	365
68	826	1418
69	2287	2484
70	1273	815
71	162	1195
72	2353	2709
73	1264	948
74	399	1042
75	2544	2453
76	1621	516
77	913	1187
78	2994	2849
79	1359	256
80	170	1355
81	2250	2437
82	1880	530
83	709	1780
84	2321	2322
85	1939	130
86	223	1896
87	2601	2813
88	1359	53
89	421	1625
90	2135	2179
91	1607	883
92	935	1476
93	2043	2159
94	1902	729
95	861	1885
96	2304	2711
97	1434	800
98	476	1632
99	2000	2060
100	1173	427
101	318	1086
102	2245	2306
103	1397	752
104	488	1524
105	2633	2666
106	1093	656
107	692	1924
108	2865	2245
109	1031	944
110	159	1761
111	2815	2088
112	1772	683
113	845	1220
114	2779	2238
115	1298	156
116	478	1415
117	2269	2861
118	1348	544
119	211	1000
120	2932	2170
121	1309	623
122	637	1048
123	2868	2907
124	1457	733
125	767	1862
126	2095	2115
127	1573	820
128	263	1588
129	2955	2113
130	1750	821
131	838	1736
132	2926	2381
133	1787	629
134	282	1296
135	2294	2009
136	1207	427
137	474	1214
138	2023	2991
139	1372	189
140	99	1137
141	2412	2395
142	1163	713
143	123	1256
144	2363	2287
145	1950	831
146	305	1240
147	2638	2656
148	1819	856
149	289	1322
150	2237	2987
151	1291	926
152	541	1375
153	2325	2458
154	1506	602
155	804	1457
156	2519	2825
157	1081	248
158	809	1221
159	2722	2105
160	1596	183
161	961	1030
162	2623	2645
163	1172	969
164	442	1709
165	2656	2460
166	1300	817
167	791	1897
168	2360	2096
169	1907	855
170	827	1959
171	2657	2245
172	1002	713
173	906	1292
174	2612	2953
175	1395	219
176	40	1184
177	2443	2954
178	1343	569
179	14	1067
180	2201	2691
181	1695	804
182	620	1164
183	2367	2325
184	1769	442
185	554	1895
186	2709	2594
187	1361	637
188	327	1601
189	2300	2290
190	1144	86
191	892	1317
192	2395	2962
193	1082	700
194	324	1740
195	2628	2385
196	1366	831
197	633	1581
198	2143	2409
199	1842	488
200	577	1510
201	2852	2229
202	1710	735
203	607	1941
204	2627	2100
205	1900	641
206	900	1537
207	2811	2515
208	1911	140
209	775	1193
210	2315	2182
211	1870	297
212	277	1801
213	2747	2396
214	1549	654
215	930	1268
216	2336	2190
217	1634	135
218	997	1114
219	2034	2484
220	1177	459
221	180	1658
222	2274	2133
223	1197	881
224	321	1290
225	2239	2444
226	1037	83
227	541	1903
228	2035	2139
229	1352	461
230	69	1839
231	2144	2598
232	1907	310
233	661	1231
234	2513	2803
235	1120	73
236	475	1816
237	2805	2790
238	1755	789
239	793	1129
240	2099	2398
241	1631	110
242	992	1190
243	2887	2896
244	1469	508
245	740	1726
246	2435	2757
247	1333	445
248	329	1011
249	2489	2112
250	1659	830
251	533	1745
252	2101	2175
253	1088	195
254	784	1616
255	2997	2051
256	1875	779
257	533	1727
258	2085	2107
259	1031	842
260	149	1459
261	2894	2696
262	1089	430
263	992	1278
264	2210	2686
265	1794	993
266	528	1401
267	2063	2731
268	1711	571
269	839	1156
270	2041	2705
271	1142	533
272	554	1631
273	2121	2042
274	1737	390
275	894	1669
276	2698	2432
277	1481	382
278	67	1646
279	2797	2492
280	1394	466
281	142	1622
282	2862	2796
283	1699	83
284	560	1500
285	2972	2616
286	1443	914
287	5	1534
288	2911	2956
289	1385	501
290	775	1313
291	2519	2005
292	1155	817
293	646	1441
294	2442	2217
295	1675	511
296	956	1667
297	2421	2770
298	1108	976
299	42	1374
300	2729	2546
301	1178	599
302	647	1220
303	2886	2117
304	1409	349
305	887	1161
306	2459	2299
307	1008	39
308	235	1912
309	2802	2937
310	1969	389
311	28	1936
312	2158	2894
313	1180	591
314	222	1056
315	2839	2984
316	1381	528
317	214	1829
318	2548	2158
319	1351	980
320	213	1574
321	2260	2908
322	1901	101
323	606	1957
324	2194	2489
325	1013	611
326	294	1584
327	2236	2821
328	1057	897
329	992	1879
330	2980	2349
331	1658	502
332	54	1791
333	2240	2553
334	1966	257
335	531	1609
336	2663	2221
337	1258	262
338	436	1278
339	2079	2743
340	1660	946
341	173	1075
342	2178	2875
343	1499	255
344	496	1376
345	2150	2054
346	1525	257
347	548	1306
348	2565	2058
349	1131	817
350	483	1762
351	2273	2161
352	1790	508
353	831	1030
354	2537	2523
355	1768	38
356	586	1664
357	2243	2972
358	1260	604
359	332	1297
360	2931	2894
361	1542	307
362	641	1394
363	2053	2250
364	1083	727
365	582	1770
366	2692	2809
367	1190	377
368	666	1147
369	2177	2215
370	1602	81
371	267	1516
372	2966	2638
373	1274	939
374	514	1665
375	2456	2395
376	1474	459
377	714	1738
378	2431	2190
379	1203	883
380	766	1067
381	2390	2938
382	1954	227
383	113	1031
384	2989	2180
385	1678	647
386	977	1825
387	2195	2427
388	1614	222
389	830	1679
390	2229	2436
391	1507	344
392	870	1416
393	2437	2923
394	1720	382
395	249	1467
396	2597	2936
397	1830	223
398	574	1634
399	2898	2657
400	1999	112
401	135	1160
402	2939	2035
403	1563	872
404	679	1764
405	2266	2034
406	1513	177
407	98	1914
408	2464	2159
409	1676	216
410	480	1447
411	2250	2718
412	1369	566
413	650	1407
414	2519	2153
415	1180	721
416	907	1351
417	2310	2631
418	1120	700
419	295	1921
420	2350	2395
421	1840	423
422	928	1788
423	2007	2665
424	1615	529
425	613	1239
426	2149	2160
427	1171	60
428	534	1608
429	2699	2782
430	1996	754
431	283	1118
432	2611	2321
433	1304	457
434	727	1866
435	2937	2944
436	1549	534
437	608	1156
438	2769	2374
439	1414	228
440	796	1132
441	2027	2869
442	1571	478
443	298	1365
444	2723	2398
445	1963	630
446	503	1151
447	2202	2063
448	1726	260
449	497	1404
450	2380	2410
451	1547	462
452	794	1543
453	2869	2855
454	1738	207
455	203	1298
456	2834	2357
457	1495	965
458	190	1464
459	2212	2251
460	1912	463
461	675	1259
462	2785	2440
463	1239	725
464	702	1822
465	2958	2878
466	1621	634
467	187	1639
468	2054	2123
469	1913	503
470	704	1568
471	2049	2932
472	1950	508
473	40	1720
474	2964	2843
475	1794	821
476	968	1801
477	2253	2460
478	1971	761
479	789	1314
480	2347	2412
481	1905	399
482	811	1485
483	2610	2682
484	1141	411
485	131	1983
486	2334	2790
487	1452	685
488	302	1274
489	2844	2126
490	1229	418
491	906	1807
492	2549	2944
493	1946	172
494	505	1980
495	2429	2575
496	1083	179
497	815	1089
498	2842	2537
499	1783	851
500	274	1987
501	2169	2700
502	1294	189
503	683	1420
504	2243	2049
505	1086	404
506	607	1235
507	2129	2070
508	1243	511
509	715	1067
510	2300	2160
511	1829	644
512	992	1258
513	2655	2038
514	1773	870
515	196	1941
516	2726	2087
517	1073	590
518	560	1853
519	2082	2751
520	1362	516
521	782	1996
522	2753	2750
523	1126	514
524	984	1595
525	2487	2191
526	1047	584
527	592	1510
528	2421	2069
529	1923	314
530	573	1023
531	2179	2014
532	1427	61
533	883	1553
534	2615	2555
535	1974	867
536	245	1578
537	2252	2663
538	1076	215
539	790	1152
540	2620	2921
541	1223	672
542	633	1461
543	2142	2368
544	1374	296
545	626	1696
546	2753	2422
547	1068	638
548	582	1910
549	2114	2287
550	1495	141
551	480	1832
552	2822	2602
553	1149	150
554	392	1468
555	2085	2802
556	1460	471
557	864	1113
558	2168	2746
559	1709	459
560	665	1092
561	2908	2985
562	1033	644
563	748	1232
564	2747	2545
565	1559	668
566	487	1704
567	2230	2708
568	1386	797
569	724	1916
570	2908	2779
571	1808	905
572	516	1356
573	2856	2839
574	1042	247
575	505	1155
576	2675	2261
577	1244	462
578	373	1880
579	2881	2198
580	1428	238
581	452	1731
582	2419	2909
583	1427	798
584	637	1808
585	2716	2564
586	1619	943
587	689	1314
588	2859	2485
589	1696	28
590	213	1537
591	2412	2163
592	1889	79
593	525	1792
594	2206	2182
595	1928	639
596	133	1629
597	2213	2976
598	1626	42
599	153	1664
600	2992	2414
601	1874	109
602	488	1681
603	2915	2934
604	1666	777
605	51	1473
606	2518	2584
607	1829	46
608	2	1825
609	2920	2737
610	1223	569
611	352	1581
612	2914	2855
613	1338	464
614	287	1016
615	2704	2276
616	1140	942
617	871	1320
618	2962	2621
619	1277	810
620	137	1140
621	2969	2412
622	1245	532
623	389	1233
624	2407	2522
625	1262	967
626	88	1209
627	2234	2027
628	1287	30
629	644	1522
630	2181	2284
631	1893	777
632	832	1380
633	2078	2444
634	1573	144
635	177	1352
636	2420	2335
637	1299	638
638	765	1312
639	2880	2504
640	1600	427
641	457	1801
642	2330	2230
643	1377	514
644	325	1324
645	2392	2802
646	1597	171
647	490	1833
648	2758	2297
649	1252	42
650	599	1647
651	2431	2476
652	1904	185
653	968	1299
654	2381	2757
655	1224	484
656	931	1852
657	2880	2683
658	1017	908
659	824	1440
660	2795	2171
661	1409	792
662	940	1133
663	2296	2786
664	1246	457
665	556	1276
666	2941	2434
667	1706	910
668	304	1737
669	2033	2993
670	1034	121
671	539	1690
672	2318	2782
673	1962	740
674	497	1729
675	2638	2001
676	1409	590
677	123	1634
678	2619	2233
679	1080	992
680	101	1970
681	2785	2456
682	1022	800
683	295	1442
684	2388	2917
685	1089	535
686	478	1947
687	2082	2398
688	1129	806
689	285	1182
690	2610	2646
691	1706	984
692	6	1287
693	2605	2912
694	1033	81
695	895	1647
696	2391	2304
697	1429	633
698	236	1885
699	2086	2587
700	1381	474
701	318	1932
702	2824	2337
703	1025	334
704	886	1010
705	2874	2227
706	1099	188
707	499	1934
708	2985	2822
709	1603	693
710	529	1349
711	2829	2441
712	1266	181
713	889	1268
714	2655	2624
715	1886	405
716	967	1403
717	2378	2890
718	1004	3
719	341	1028
720	2833	2007
721	1874	806
722	145	1417
723	2422	2592
724	1683	235
725	89	1092
726	2811	2148
727	1434	989
728	636	1373
729	2909	2656
730	1947	185
731	37	1258
732	2259	2385
733	1950	692
734	338	1295
735	2358	2332
736	1110	52
737	130	1973
738	2281	2103
739	1869	173
740	877	1781
741	2801	2833
742	1823	48
743	39	1408
744	2557	2691
745	1201	514
746	583	1705
747	2688	2422
748	1957	421
749	259	1011
750	2196	2827
751	1867	494
752	872	1831
753	2669	2957
754	1564	701
755	36	1343
756	2996	2224
757	1494	397
758	913	1003
759	2532	2095
760	1975	453
761	209	1564
762	2368	2136
763	1344	184
764	166	1284
765	2025	2320
766	1073	749
767	377	1324
768	2769	2388
769	1714	750
770	450	1074
771	2547	2138
772	1741	320
773	238	1451
774	2538	2347
775	1054	940
776	39	1327
777	2790	2519
778	1369	309
779	666	1457
780	2617	2023
781	1649	331
782	66	1119
783	2581	2722
784	1550	101
785	181	1822
786	2409	2435
787	1029	935
788	975	1119
789	2267	2225
790	1072	247
791	304	1101
792	2285	2427
793	1052	742
794	453	1900
795	2128	2808
796	1694	497
797	705	1380
798	2878	2433
799	1951	6
800	235	1617
801	2953	2558
802	1099	933
803	256	1818
804	2462	2298
805	1821	92
806	331	1361
807	2639	2772
808	1027	177
809	456	1417
810	2579	2730
811	1869	910
812	121	1191
813	2820	2975
814	1834	771
815	225	1211
816	2183	2815
817	1696	848
818	472	1575
819	2063	2607
820	1985	667
821	753	1079
822	2045	2361
823	1943	122
824	805	1546
825	2761	2533
826	1047	255
827	109	1762
828	2759	2251
829	1299	358
830	627	1118
831	2006	2415
832	1008	79
833	921	1031
834	2346	2193
835	1167	208
836	74	1909
837	2853	2312
838	1089	190
839	944	1614
840	2133	2792
841	1411	340
842	330	1947
843	2754	2887
844	1342	552
845	889	1823
846	2195	2287
847	1697	708
848	172	1305
849	2264	2763
850	1980	797
851	98	1602
852	2128	2626
853	1656	646
854	667	1857
855	2037	2006
856	1838	636
857	607	1928
858	2854	2763
859	1605	382
860	100	1598
861	2172	2716
862	1472	688
863	724	1852
864	2518	2977
865	1787	807
866	417	1485
867	2014	2626
868	1138	581
869	355	1373
870	2427	2060
871	1028	315
872	723	1455
873	2983	2111
874	1067	525
875	443	1641
876	2401	2172
877	1260	740
878	566	1089
879	2036	2585
880	1180	511
881	611	1349
882	2960	2243
883	1191	290
884	635	1633
885	2931	2760
886	1026	116
887	276	1723
888	2568	2318
889	1437	546
890	317	1310
891	2649	2011
892	1516	440
893	945	1769
894	2942	2242
895	1681	220
896	652	1681
897	2651	2745
898	1718	397
899	531	1595
900	2654	2155
901	1897	475
902	303	1778
903	2729	2658
904	1310	331
905	473	1080
906	2601	2760
907	1343	339
908	636	1082
909	2730	2936
910	1718	167
911	376	1435
912	2752	2462
913	1606	76
914	877	1223
915	2207	2951
916	1751	644
917	83	1146
918	2355	2572
919	1987	576
920	247	1655
921	2513	2575
922	1895	571
923	908	1813
924	2702	2320
925	1722	477
926	451	1171
927	2995	2494
928	1390	431
929	181	1444
930	2814	2471
931	1566	89
932	119	1669
933	2334	2110
934	1711	545
935	515	1118
936	2001	2346
937	1318	417
938	424	1912
939	2542	2623
940	1761	66
941	777	1842
942	2148	2006
943	1173	319
944	570	1807
945	2413	2921
946	1744	854
947	237	1608
948	2990	2825
949	1073	197
950	945	1226
951	2249	2805
952	1448	692
953	615	1586
954	2842	2949
955	1731	313
956	192	1287
957	2042	2239
958	1592	983
959	310	1668
960	2337	2751
961	1672	573
962	780	1831
963	2063	2328
964	1266	550
965	304	1181
966	2872	2634
967	1833	79
968	706	1884
969	2913	2245
970	1091	791
971	615	1094
972	2040	2642
973	1360	841
974	783	1866
975	2552	2585
976	1939	129
977	318	1069
978	2222	2464
979	1282	137
980	683	1840
981	2944	2598
982	1133	90
983	57	1441
984	2120	2393
985	1030	788
986	453	1316
987	2942	2672
988	1241	272
989	908	1884
990	2299	2166
991	1413	797
992	653	1715
993	2369	2892
994	1280	361
995	629	1557
996	2675	2461
997	1177	881
998	439	1347
999	2654	2516
1000	1437	303
1001	200	1627
1002	2892	2367
1003	1266	512
1004	916	1856
1005	2166	2908
1006	1546	974
1007	615	1709
1008	2128	2191
1009	1338	760
1010	91	1498
1011	2468	2667
1012	1854	337
1013	952	1779
1014	2522	2599
1015	1074	942
1016	237	1361
1017	2854	2640
1018	1587	671
1019	764	1837
1020	2020	2893
1021	1030	136
1022	858	1487
1023	2736	2037
1024	1590	994
1025	882	1341
1026	2599	2553
1027	1902	354
1028	637	1745
1029	2251	2312
1030	1209	158
1031	528	1132
1032	2104	2999
1033	1272	1
1034	900	1157
1035	2864	2085
1036	1343	165
1037	130	1921
1038	2546	2186
1039	1809	390
1040	939	1699
1041	2003	2959
1042	1005	257
1043	54	1887
1044	2477	2071
1045	1172	901
1046	243	1069
1047	2684	2726
1048	1685	10
1049	810	1947
1050	2093	2703
1051	1414	568
1052	359	1952
1053	2361	2233
1054	1042	478
1055	23	1349
1056	2060	2691
1057	1967	718
1058	468	1808
1059	2253	2645
1060	1197	83
1061	582	1369
1062	2409	2924
1063	1211	466
1064	261	1049
1065	2587	2964
1066	1789	586
1067	888	1193
1068	2991	2833
1069	1196	554
1070	955	1174
1071	2654	2371
1072	1871	565
1073	332	1958
1074	2207	2598
1075	1575	576
1076	704	1439
1077	2810	2758
1078	1709	654
1079	270	1301
1080	2283	2833
1081	1154	592
1082	494	1925
1083	2741	2997
1084	1466	968
1085	52	1402
1086	2414	2874
1087	1074	300
1088	763	1086
1089	2870	2784
1090	1838	776
1091	901	1900
1092	2526	2703
1093	1547	498
1094	80	1268
1095	2957	2365
1096	1035	807
1097	368	1640
1098	2493	2077
1099	1187	833
1100	126	1347
1101	2798	2121
1102	1596	680
1103	866	1370
1104	2598	2579
1105	1781	856
1106	557	1895
1107	2349	2951
1108	1538	190
1109	872	1564
1110	2808	2157
1111	1133	197
1112	526	1284
1113	2702	2015
1114	1408	935
1115	0	1616
1116	2639	2874
1117	1719	643
1118	195	1920
1119	2365	2918
1120	1587	751
1121	263	1017
1122	2395	2307
1123	1520	847
1124	964	1027
1125	2122	2625
1126	1111	80
1127	64	1618
1128	2774	2062
1129	1360	700
1130	970	1186
1131	2056	2177
1132	1842	768
1133	520	1775
1134	2192	2123
1135	1982	37
1136	143	1252
1137	2417	2216
1138	1205	470
1139	178	1935
1140	2675	2564
1141	1084	550
1142	767	1388
1143	2889	2730
1144	1327	622
1145	850	1196
1146	2682	2015
1147	1207	313
1148	607	1789
1149	2046	2066
1150	1613	760
1151	530	1427
1152	2999	2162
1153	1146	735
1154	58	1347
1155	2280	2212
1156	1916	453
1157	149	1481
1158	2012	2419
1159	1159	218
1160	369	1256
1161	2306	2408
1162	1034	151
1163	291	1044
1164	2075	2877
1165	1813	847
1166	199	1365
1167	2178	2691
1168	1894	255
1169	233	1093
1170	2192	2199
1171	1840	959
1172	143	1765
1173	2142	2152
1174	1699	129
1175	763	1125
1176	2726	2340
1177	1284	122
1178	58	1263
1179	2081	2147
1180	1097	856
1181	490	1954
1182	2193	2558
1183	1011	922
1184	815	1810
1185	2335	2531
1186	1563	467
1187	900	1584
1188	2859	2803
1189	1263	184
1190	909	1486
1191	2310	2931
1192	1946	0
1193	738	1242
1194	2529	2593
1195	1363	136
1196	40	1424
1197	2165	2981
1198	1169	233
1199	779	1850
1200	2247	2677
1201	1790	177
1202	42	1699
1203	2871	2546
1204	1963	419
1205	411	1282
1206	2696	2436
1207	1484	56
1208	48	1360
1209	2067	2349
1210	1413	958
1211	963	1577
1212	2652	2125
1213	1299	213
1214	342	1986
1215	2224	2330
1216	1796	728
1217	266	1225
1218	2703	2522
1219	1671	642
1220	245	1387
1221	2329	2975
1222	1332	729
1223	576	1400
1224	2371	2190
1225	1271	198
1226	985	1213
1227	2426	2961
1228	1993	758
1229	434	1889
1230	2935	2593
1231	1136	106
1232	312	1637
1233	2287	2672
1234	1328	862
1235	202	1822
1236	2038	2797
1237	1551	331
1238	849	1170
1239	2309	2044
1240	1624	942
1241	808	1839
1242	2077	2719
1243	1632	60
1244	617	1023
1245	2809	2408
1246	1766	970
1247	150	1697
1248	2599	2274
1249	1304	747
1250	417	1114
1251	2345	2391
1252	1736	820
1253	898	1148
1254	2712	2718
1255	1736	924
1256	328	1258
1257	2943	2328
1258	1002	90
1259	239	1386
1260	2689	2083
1261	1539	498
1262	19	1359
1263	2780	2586
1264	1002	396
1265	566	1185
1266	2637	2751
1267	1542	147
1268	936	1906
1269	2584	2764
1270	1790	924
1271	685	1342
1272	2604	2727
1273	1933	51
1274	959	1630
1275	2156	2162
1276	1285	707
1277	266	1752
1278	2051	2344
1279	1730	256
1280	738	1311
1281	2178	2787
1282	1752	909
1283	626	1585
1284	2691	2236
1285	1857	998
1286	759	1233
1287	2568	2311
1288	1212	181
1289	200	1060
1290	2525	2464
1291	1402	573
1292	963	1486
1293	2518	2313
1294	1570	860
1295	590	1925
1296	2348	2575
1297	1435	955
1298	25	1032
1299	2548	2825
1300	1709	939
1301	728	1570
1302	2692	2216
1303	1957	304
1304	542	1001
1305	2358	2100
1306	1238	885
1307	74	1602
1308	2771	2589
1309	1074	974
1310	363	1953
1311	2439	2352
1312	1281	978
1313	124	1909
1314	2136	2532
1315	1723	893
1316	280	1613
1317	2946	2604
1318	1330	310
1319	643	1991
1320	2457	2031
1321	1572	896
1322	243	1745
1323	2552	2437
1324	1270	406
1325	987	1403
1326	2256	2411
1327	1426	992
1328	752	1937
1329	2630	2109
1330	1959	815
1331	707	1259
1332	2143	2260
1333	1276	725
1334	613	1719
1335	2574	2282
1336	1650	995
1337	922	1330
1338	2140	2424
1339	1195	696
1340	978	1611
1341	2698	2194
1342	1437	484
1343	8	1208
1344	2615	2819
1345	1646	998
1346	239	1039
1347	2205	2064
1348	1293	578
1349	733	1108
1350	2776	2411
1351	1476	876
1352	730	1233
1353	2684	2324
1354	1804	432
1355	550	1681
1356	2778	2049
1357	1946	940
1358	727	1922
1359	2783	2572
1360	1247	258
1361	899	1804
1362	2662	2348
1363	1120	151
1364	0	1518
1365	2135	2340
1366	1980	424
1367	957	1613
1368	2821	2404
1369	1440	313
1370	731	1807
1371	2602	2648
1372	1304	680
1373	936	1531
1374	2474	2854
1375	1339	836
1376	186	1613
1377	2562	2707
1378	1156	810
1379	31	1942
1380	2031	2264
1381	1621	394
1382	535	1652
1383	2627	2985
1384	1669	673
1385	548	1143
1386	2244	2820
1387	1130	897
1388	339	1564
1389	2723	2964
1390	1068	940
1391	782	1410
1392	2609	2096
1393	1953	456
1394	104	1075
1395	2808	2677
1396	1752	907
1397	660	1235
1398	2195	2590
1399	1906	441
1400	961	1679
1401	2018	2783
1402	1631	896
1403	46	1691
1404	2457	2599
1405	1482	612
1406	945	1718
1407	2931	2142
1408	1189	748
1409	574	1691
1410	2919	2998
1411	1682	813
1412	600	1514
1413	2711	2912
1414	1766	223
1415	977	1780
1416	2622	2166
1417	1398	306
1418	101	1737
1419	2416	2973
1420	1466	686
1421	286	1355
1422	2288	2439
1423	1764	203
1424	929	1876
1425	2057	2796
1426	1648	664
1427	221	1449
1428	2581	2739
1429	1796	768
1430	218	1499
1431	2900	2651
1432	1536	530
1433	28	1841
1434	2506	2387
1435	1457	837
1436	561	1359
1437	2539	2749
1438	1780	480
1439	359	1668
1440	2399	2058
1441	1704	609
1442	422	1984
1443	2653	2016
1444	1841	497
1445	17	1761
1446	2465	2142
1447	1636	350
1448	995	1021
1449	2338	2569
1450	1303	916
1451	857	1084
1452	2813	2980
1453	1972	855
1454	355	1094
1455	2711	2145
1456	1016	275
1457	329	1336
1458	2360	2360
1459	1579	993
1460	781	1174
1461	2443	2780
1462	1179	640
1463	503	1572
1464	2641	2686
1465	1215	657
1466	963	1074
1467	2552	2845
1468	1135	697
1469	779	1429
1470	2264	2840
1471	1110	825
1472	101	1081
1473	2513	2834
1474	1176	808
1475	529	1146
1476	2567	2295
1477	1421	189
1478	297	1429
1479	2962	2677
1480	1835	836
1481	992	1723
1482	2535	2232
1483	1427	658
1484	233	1021
1485	2351	2792
1486	1307	298
1487	740	1421
1488	2006	2161
1489	1811	682
1490	788	1799
1491	2279	2884
1492	1083	340
1493	803	1729
1494	2430	2019
1495	1187	570
1496	419	1205
1497	2908	2890
1498	1264	710
1499	282	1914
1500	2905	2343
1501	1649	432
1502	825	1260
1503	2513	2694
1504	1084	81
1505	668	1434
1506	2310	2215
1507	1636	914
1508	672	1428
1509	2591	2916
1510	1759	937
1511	362	1374
1512	2456	2056
1513	1349	224
1514	901	1406
1515	2507	2337
1516	1920	163
1517	825	1716
1518	2070	2603
1519	1163	206
1520	309	1177
1521	2328	2330
1522	1145	252
1523	381	1399
1524	2427	2052
1525	1080	640
1526	510	1162
1527	2929	2601
1528	1337	849
1529	766	1166
1530	2388	2140
1531	1173	659
1532	399	1133
1533	2980	2106
1534	1083	643
1535	253	1231
1536	2782	2471
1537	1687	696
1538	43	1490
1539	2299	2163
1540	1336	650
1541	130	1394
1542	2541	2098
1543	1599	400
1544	695	1013
1545	2131	2283
1546	1448	304
1547	664	1672
1548	2369	2785
1549	1260	311
1550	45	1468
1551	2007	2009
1552	1945	773
1553	340	1945
1554	2295	2988
1555	1390	664
1556	489	1240
1557	2836	2963
1558	1455	668
1559	607	1094
1560	2952	2069
1561	1071	282
1562	598	1676
1563	2379	2985
1564	1248	79
1565	776	1416
1566	2210	2560
1567	1359	234
1568	584	1582
1569	2123	2091
1570	1067	41
1571	858	1701
1572	2996	2310
1573	1352	995
1574	763	1271
1575	2945	2052
1576	1429	550
1577	412	1115
1578	2405	2489
1579	1334	504
1580	286	1891
1581	2720	2446
1582	1280	810
1583	867	1930
1584	2410	2474
1585	1142	101
1586	480	1046
1587	2852	2078
1588	1332	250
1589	943	1756
1590	2365	2785
1591	1247	819
1592	269	1582
1593	2743	2638
1594	1854	300
1595	848	1425
1596	2755	2161
1597	1033	710
1598	597	1106
1599	2522	2992
1600	1911	501
1601	393	1871
1602	2637	2153
1603	1995	155
1604	648	1117
1605	2147	2138
1606	1135	409
1607	147	1968
1608	2371	2542
1609	1669	737
1610	148	1026
1611	2513	2668
1612	1178	771
1613	858	1562
1614	2732	2097
1615	1098	610
1616	1	1395
1617	2884	2046
1618	1009	629
1619	303	1550
1620	2138	2438
1621	1942	786
1622	40	1014
1623	2300	2277
1624	1686	30
1625	695	1089
1626	2066	2833
1627	1444	710
1628	701	1884
1629	2320	2054
1630	1482	845
1631	251	1837
1632	2972	2517
1633	1875	359
1634	939	1108
1635	2927	2767
1636	1495	437
1637	984	1157
1638	2441	2090
1639	1958	664
1640	997	1632
1641	2942	2274
1642	1398	76
1643	336	1454
1644	2033	2136
1645	1158	957
1646	151	1970
1647	2425	2717
1648	1352	721
1649	757	1931
1650	2887	2444
1651	1562	518
1652	871	1464
1653	2563	2370
1654	1041	896
1655	201	1125
1656	2027	2441
1657	1207	229
1658	721	1317
1659	2723	2273
1660	1346	507
1661	845	1367
1662	2192	2542
1663	1811	560
1664	843	1848
1665	2545	2560
1666	1759	594
1667	273	1171
1668	2964	2564
1669	1105	618
1670	691	1528
1671	2492	2390
1672	1412	106
1673	229	1905
1674	2281	2490
1675	1610	850
1676	940	1456
1677	2162	2413
1678	1619	795
1679	350	1612
1680	2166	2153
1681	1973	280
1682	790	1128
1683	2404	2631
1684	1342	824
1685	631	1340
1686	2200	2570
1687	1744	757
1688	169	1679
1689	2117	2362
1690	1900	655
1691	20	1562
1692	2207	2154
1693	1927	781
1694	600	1973
1695	2877	2956
1696	1087	946
1697	574	1889
1698	2123	2144
1699	1105	491
1700	293	1810
1701	2425	2811
1702	1054	3
1703	75	1476
1704	2660	2505
1705	1441	502
1706	328	1264
1707	2405	2646
1708	1446	179
1709	795	1771
1710	2959	2032
1711	1750	744
1712	191	1886
1713	2947	2591
1714	1800	942
1715	826	1088
1716	2782	2129
1717	1489	378
1718	927	1818
1719	2059	2018
1720	1839	19
1721	644	1767
1722	2904	2633
1723	1373	277
1724	427	1966
1725	2850	2159
1726	1461	542
1727	667	1075
1728	2988	2835
1729	1279	987
1730	570	1529
1731	2709	2804
1732	1310	742
1733	188	1695
1734	2664	2267
1735	1255	992
1736	837	1664
1737	2737	2813
1738	1462	981
1739	640	1530
1740	2884	2612
1741	1656	739
1742	85	1528
1743	2023	2017
1744	1198	605
1745	289	1556
1746	2512	2128
1747	1596	393
1748	566	1485
1749	2756	2539
1750	1500	338
1751	8	1642
1752	2035	2836
1753	1639	339
1754	709	1304
1755	2838	2439
1756	1096	543
1757	611	1509
1758	2587	2895
1759	1488	161
1760	10	1694
1761	2351	2384
1762	1353	40
1763	210	1178
1764	2781	2083
1765	1100	739
1766	785	1508
1767	2971	2862
1768	1579	212
1769	724	1019
1770	2947	2646
1771	1832	991
1772	498	1710
1773	2528	2379
1774	1160	655
1775	41	1786
1776	2113	2958
1777	1672	61
1778	209	1795
1779	2390	2704
1780	1804	18
1781	847	1770
1782	2067	2394
1783	1781	92
1784	510	1530
1785	2324	2003
1786	1303	913
1787	285	1851
1788	2317	2561
1789	1919	487
1790	198	1379
1791	2233	2527
1792	1355	740
1793	352	1509
1794	2243	2053
1795	1419	697
1796	161	1785
1797	2435	2378
1798	1755	813
1799	372	1596
1800	2314	2694
1801	1787	2
1802	198	1103
1803	2218	2175
1804	1294	840
1805	989	1300
1806	2428	2341
1807	1642	702
1808	324	1411
1809	2328	2035
1810	1330	517
1811	816	1565
1812	2506	2892
1813	1315	783
1814	98	1198
1815	2414	2073
1816	1712	676
1817	254	1406
1818	2539	2946
1819	1301	416
1820	149	1690
1821	2448	2563
1822	1478	703
1823	841	1172
1824	2713	2320
1825	1912	370
1826	380	1144
1827	2926	2175
1828	1902	114
1829	601	1678
1830	2560	2665
1831	1260	722
1832	789	1467
1833	2843	2795
1834	1016	427
1835	651	1860
1836	2818	2330
1837	1333	77
1838	330	1606
1839	2693	2927
1840	1392	548
1841	813	1571
1842	2532	2770
1843	1078	59
1844	673	1608
1845	2064	2434
1846	1035	154
1847	940	1731
1848	2175	2509
1849	1986	574
1850	679	1889
1851	2338	2475
1852	1104	507
1853	964	1567
1854	2736	2162
1855	1103	462
1856	232	1947
1857	2228	2479
1858	1853	254
1859	75	1344
1860	2392	2734
1861	1520	851
1862	246	1499
1863	2266	2839
1864	1764	168
1865	922	1618
1866	2632	2521
1867	1420	896
1868	794	1310
1869	2815	2326
1870	1153	247
1871	72	1954
1872	2255	2906
1873	1306	567
1874	624	1752
1875	2346	2751
1876	1219	655
1877	193	1953
1878	2841	2178
1879	1652	21
1880	192	1853
1881	2502	2913
1882	1939	343
1883	640	1870
1884	2127	2301
1885	1870	67
1886	741	1811
1887	2994	2039
1888	1519	527
1889	748	1363
1890	2415	2861
1891	1524	531
1892	545	1844
1893	2603	2160
1894	1456	974
1895	954	1729
1896	2486	2267
1897	1910	653
1898	476	1506
1899	2510	2366
1900	1626	450
1901	492	1138
1902	2886	2830
1903	1909	630
1904	682	1084
1905	2406	2447
1906	1245	858
1907	228	1089
1908	2702	2475
1909	1297	289
1910	64	1029
1911	2166	2299
1912	1189	430
1913	244	1944
1914	2499	2741
1915	1219	663
1916	603	1534
1917	2584	2384
1918	1706	339
1919	846	1234
1920	2593	2808
1921	1422	988
1922	879	1068
1923	2943	2539
1924	1722	432
1925	139	1412
1926	2813	2124
1927	1269	400
1928	844	1004
1929	2549	2751
1930	1329	722
1931	149	1761
1932	2396	2375
1933	1174	550
1934	444	1020
1935	2533	2627
1936	1981	351
1937	824	1820
1938	2491	2911
1939	1374	310
1940	680	1468
1941	2816	2480
1942	1262	641
1943	98	1344
1944	2414	2382
1945	1451	628
1946	758	1891
1947	2589	2935
1948	1150	24
1949	512	1349
1950	2120	2675
1951	1582	336
1952	829	1771
1953	2216	2976
1954	1285	606
1955	769	1048
1956	2542	2960
1957	1581	547
1958	645	1164
1959	2027	2538
1960	1584	940
1961	277	1921
1962	2628	2121
1963	1750	87
1964	201	1415
1965	2898	2358
1966	1976	73
1967	988	1224
1968	2722	2611
1969	1021	750
1970	757	1071
1971	2464	2341
1972	1005	554
1973	518	1950
1974	2272	2701
1975	1983	633
1976	874	1235
1977	2593	2455
1978	1518	143
1979	834	1562
1980	2373	2331
1981	1898	831
1982	617	1172
1983	2333	2350
1984	1538	976
1985	470	1869
1986	2636	2220
1987	1420	176
1988	363	1395
1989	2777	2123
1990	1708	880
1991	756	1246
1992	2988	2984
1993	1010	462
1994	516	1084
1995	2616	2373
1996	1413	147
1997	141	1009
1998	2148	2713
1999	1928	11
2000	757	1652
2001	2579	2801
2002	1589	627
2003	163	1775
2004	2481	2441
2005	1232	100
2006	673	1077
2007	2204	2023
2008	1733	949
2009	410	1144
2010	2882	2963
2011	1295	396
2012	312	1905
2013	2075	2784
2014	1692	465
2015	764	1286
2016	2954	2711
2017	1557	25
2018	43	1961
2019	2184	2996
2020	1026	278
2021	381	1611
2022	2045	2929
2023	1829	53
2024	366	1076
2025	2276	2081
2026	1033	45
2027	356	1553
2028	2408	2071
2029	1515	10
2030	816	1793
2031	2787	2831
2032	1417	922
2033	630	1251
2034	2745	2927
2035	1080	339
2036	258	1488
2037	2294	2169
2038	1011	324
2039	619	1395
2040	2402	2545
2041	1409	342
2042	227	1561
2043	2531	2317
2044	1516	950
2045	881	1402
2046	2189	2282
2047	1845	410
2048	801	1156
2049	2276	2167
2050	1941	619
2051	287	1293
2052	2491	2028
2053	1739	907
2054	497	1136
2055	2252	2759
2056	1055	83
2057	639	1506
2058	2940	2484
2059	1431	221
2060	691	1613
2061	2124	2789
2062	1530	294
2063	463	1072
2064	2288	2063
2065	1956	331
2066	49	1117
2067	2985	2984
2068	1138	577
2069	792	1963
2070	2127	2780
2071	1985	726
2072	272	1419
2073	2913	2043
2074	1443	388
2075	660	1762
2076	2128	2881
2077	1582	821
2078	604	1197
2079	2979	2995
2080	1732	619
2081	716	1831
2082	2917	2358
2083	1563	660
2084	213	1486
2085	2614	2005
2086	1349	772
2087	832	1586
2088	2220	2046
2089	1732	829
2090	810	1223
2091	2259	2806
2092	1003	884
2093	641	1691
2094	2550	2467
2095	1801	66
2096	211	1688
2097	2708	2159
2098	1203	775
2099	553	1969
2100	2404	2080
2101	1135	765
2102	937	1102
2103	2694	2165
2104	1029	197
2105	643	1145
2106	2860	2641
2107	1427	98
2108	907	1655
2109	2172	2288
2110	1213	992
2111	997	1438
2112	2040	2659
2113	1141	708
2114	470	1183
2115	2867	2874
2116	1518	963
2117	343	1113
2118	2875	2886
2119	1352	53
2120	653	1706
2121	2547	2817
2122	1766	726
2123	976	1278
2124	2438	2631
2125	1526	493
2126	203	1941
2127	2591	2751
2128	1835	491
2129	369	1878
2130	2388	2042
2131	1884	810
2132	483	1752
2133	2310	2015
2134	1823	819
2135	409	1723
2136	2906	2687
2137	1540	763
2138	732	1403
2139	2083	2497
2140	1149	931
2141	651	1856
2142	2842	2452
2143	1335	6
2144	27	1682
2145	2118	2882
2146	1139	164
2147	97	1548
2148	2439	2140
2149	1784	296
2150	27	1245
2151	2464	2860
2152	1923	24
2153	49	1958
2154	2222	2228
2155	1328	370
2156	269	1480
2157	2117	2766
2158	1251	666
2159	727	1372
2160	2309	2331
2161	1477	391
2162	113	1634
2163	2444	2224
2164	1822	264
2165	270	1837
2166	2896	2827
2167	1201	865
2168	326	1570
2169	2069	2890
2170	1139	712
2171	907	1275
2172	2503	2530
2173	1530	523
2174	576	1205
2175	2510	2038
2176	1407	303
2177	184	1997
2178	2294	2974
2179	1771	997
2180	26	1833
2181	2348	2717
2182	1261	231
2183	48	1142
2184	2336	2079
2185	1623	462
2186	226	1399
2187	2614	2244
2188	1802	255
2189	699	1896
2190	2584	2299
2191	1199	168
2192	540	1951
2193	2261	2598
2194	1042	783
2195	381	1081
2196	2714	2031
2197	1881	651
2198	155	1221
2199	2421	2669
2200	1664	97
2201	51	1320
2202	2029	2092
2203	1695	544
2204	585	1540
2205	2332	2544
2206	1059	951
2207	832	1615
2208	2861	2264
2209	1785	660
2210	387	1229
2211	2561	2565
2212	1509	77
2213	233	1157
2214	2273	2880
2215	1501	33
2216	760	1760
2217	2988	2979
2218	1639	917
2219	798	1049
2220	2306	2803
2221	1801	344
2222	329	1526
2223	2379	2372
2224	1893	551
2225	911	1403
2226	2420	2762
2227	1385	341
2228	745	1050
2229	2985	2021
2230	1914	553
2231	140	1705
2232	2960	2673
2233	1483	783
2234	153	1429
2235	2122	2412
2236	1879	181
2237	498	1751
2238	2979	2956
2239	1472	263
2240	720	1763
2241	2631	2669
2242	1605	162
2243	714	1190
2244	2468	2666
2245	1066	245
2246	992	1758
2247	2876	2971
2248	1782	688
2249	104	1342
2250	2665	2747
2251	1697	61
2252	378	1640
2253	2462	2095
2254	1584	621
2255	280	1912
2256	2644	2880
2257	1668	754
2258	422	1104
2259	2780	2180
2260	1070	299
2261	927	1338
2262	2669	2413
2263	1825	195
2264	6	1627
2265	2328	2537
2266	1100	609
2267	450	1642
2268	2146	2995
2269	1508	201
2270	335	1217
2271	2353	2701
2272	1883	748
2273	483	1364
2274	2565	2083
2275	1901	987
2276	895	1545
2277	2941	2178
2278	1021	787
2279	97	1948
2280	2515	2021
2281	1497	695
2282	248	1963
2283	2224	2271
2284	1570	291
2285	436	1613
2286	2974	2824
2287	1375	420
2288	963	1672
2289	2410	2369
2290	1878	701
2291	258	1927
2292	2896	2208
2293	1079	17
2294	793	1518
2295	2151	2935
2296	1037	899
2297	270	1711
2298	2829	2488
2299	1983	932
2300	751	1492
2301	2690	2069
2302	1592	47
2303	999	1402
2304	2481	2419
2305	1942	46
2306	964	1333
2307	2554	2313
2308	1993	867
2309	902	1238
2310	2356	2975
2311	1376	629
2312	488	1164
2313	2312	2065
2314	1341	599
2315	623	1918
2316	2300	2445
2317	1599	551
2318	775	1394
2319	2449	2151
2320	1394	71
2321	392	1542
2322	2742	2679
2323	1163	349
2324	42	1637
2325	2485	2136
2326	1159	457
2327	636	1497
2328	2053	2961
2329	1783	872
2330	392	1180
2331	2570	2429
2332	1633	854
2333	854	1313
2334	2308	2222
2335	1120	855
2336	599	1955
2337	2225	2826
2338	1735	15
2339	739	1149
2340	2413	2565
2341	1618	501
2342	762	1868
2343	2834	2043
2344	1877	660
2345	827	1948
2346	2548	2088
2347	1923	397
2348	783	1933
2349	2639	2864
2350	1185	619
2351	925	1496
2352	2669	2531
2353	1046	493
2354	648	1289
2355	2100	2476
2356	1451	753
2357	806	1559
2358	2942	2534
2359	1956	317
2360	535	1488
2361	2530	2243
2362	1137	18
2363	825	1790
2364	2647	2598
2365	1149	343
2366	813	1113
2367	2577	2137
2368	1043	324
2369	208	1841
2370	2724	2948
2371	1080	576
2372	325	1859
2373	2440	2226
2374	1226	326
2375	436	1968
2376	2206	2057
2377	1557	605
2378	96	1965
2379	2573	2938
2380	1529	220
2381	789	1933
2382	2593	2979
2383	1711	330
2384	255	1988
2385	2796	2703
2386	1159	754
2387	673	1449
2388	2866	2427
2389	1497	853
2390	496	1122
2391	2457	2081
2392	1440	564
2393	160	1166
2394	2022	2930
2395	1221	568
2396	298	1489
2397	2452	2196
2398	1163	154
2399	675	1320
2400	2405	2883
2401	1089	956
2402	973	1040
2403	2586	2455
2404	1617	479
2405	235	1294
2406	2198	2895
2407	1057	699
2408	375	1286
2409	2789	2398
2410	1788	435
2411	306	1330
2412	2126	2594
2413	1072	671
2414	232	1562
2415	2553	2776
2416	1784	748
2417	568	1164
2418	2885	2227
2419	1818	815
2420	73	1336
2421	2035	2763
2422	1953	952
2423	298	1304
2424	2819	2483
2425	1027	795
2426	587	1424
2427	2745	2406
2428	1757	808
2429	917	1672
2430	2072	2358
2431	1706	539
2432	808	1046
2433	2389	2809
2434	1427	51
2435	565	1673
2436	2440	2154
2437	1795	872
2438	584	1223
2439	2088	2839
2440	1222	880
2441	355	1203
2442	2736	2115
2443	1160	992
2444	334	1214
2445	2331	2324
2446	1678	29
2447	689	1931
2448	2216	2399
2449	1779	807
2450	82	1629
2451	2495	2086
2452	1643	63
2453	911	1123
2454	2630	2313
2455	1275	808
2456	138	1114
2457	2411	2616
2458	1874	294
2459	50	1537
2460	2143	2977
2461	1960	528
2462	795	1699
2463	2037	2590
2464	1201	361
2465	528	1951
2466	2376	2985
2467	1689	772
2468	758	1342
2469	2166	2744
2470	1852	151
2471	937	1284
2472	2521	2118
2473	1957	180
2474	909	1377
2475	2917	2536
2476	1133	792
2477	691	1433
2478	2863	2796
2479	1808	462
2480	51	1439
2481	2780	2801
2482	1233	818
2483	817	1423
2484	2128	2399
2485	1526	976
2486	212	1893
2487	2658	2999
2488	1416	798
2489	73	1024
2490	2113	2889
2491	1000	283
2492	248	1841
2493	2007	2365
2494	1052	841
2495	289	1645
2496	2015	2926
2497	1582	577
2498	616	1008
2499	2388	2103
2500	1059	747
2501	831	1526
2502	2075	2722
2503	1674	167
2504	10	1093
2505	2941	2352
2506	1696	82
2507	779	1048
2508	2242	2938
2509	1168	270
2510	676	1579
2511	2346	2614
2512	1793	16
2513	255	1755
2514	2472	2943
2515	1151	875
2516	559	1384
2517	2752	2757
2518	1467	374
2519	670	1551
2520	2682	2337
2521	1956	687
2522	795	1746
2523	2175	2951
2524	1857	807
2525	534	1716
2526	2641	2763
2527	1920	596
2528	429	1797
2529	2929	2495
2530	1292	38
2531	764	1418
2532	2602	2841
2533	1213	443
2534	758	1128
2535	2387	2899
2536	1989	59
2537	850	1956
2538	2035	2636
2539	1016	266
2540	25	1900
2541	2928	2276
2542	1864	870
2543	943	1678
2544	2864	2287
2545	1595	268
2546	535	1568
2547	2633	2424
2548	1325	757
2549	907	1627
2550	2014	2451
2551	1726	385
2552	616	1552
2553	2541	2254
2554	1186	600
2555	659	1204
2556	2740	2574
2557	1990	985
2558	71	1846
2559	2155	2705
2560	1489	726
2561	499	1050
2562	2760	2785
2563	1205	623
2564	305	1074
2565	2944	2162
2566	1453	37
2567	724	1720
2568	2823	2460
2569	1434	998
2570	689	1766
2571	2738	2283
2572	1757	18
2573	626	1452
2574	2440	2802
2575	1738	383
2576	682	1163
2577	2567	2915
2578	1931	431
2579	883	1243
2580	2826	2166
2581	1497	452
2582	845	1440
2583	2652	2919
2584	1709	604
2585	231	1830
2586	2776	2654
2587	1071	413
2588	439	1168
2589	2606	2315
2590	1915	171
2591	324	1024
2592	2575	2116
2593	1231	802
2594	908	1084
2595	2505	2352
2596	1182	575
2597	904	1725
2598	2756	2216
2599	1503	972
2600	505	1797
2601	2149	2536
2602	1228	318
2603	122	1775
2604	2744	2135
2605	1922	75
2606	288	1369
2607	2197	2481
2608	1206	470
2609	545	1995
2610	2230	2265
2611	1725	419
2612	404	1835
2613	2370	2883
2614	1149	219
2615	826	1662
2616	2074	2572
2617	1395	499
2618	16	1937
2619	2549	2444
2620	1443	773
2621	938	1957
2622	2471	2980
2623	1011	71
2624	829	1857
2625	2405	2476
2626	1175	53
2627	85	1003
2628	2322	2205
2629	1504	974
2630	504	1731
2631	2566	2733
2632	1501	854
2633	100	1084
2634	2467	2314
2635	1274	318
2636	599	1949
2637	2662	2780
2638	1577	719
2639	218	1061
2640	2663	2007
2641	1426	924
2642	125	1338
2643	2460	2243
2644	1474	925
2645	139	1102
2646	2384	2653
2647	1462	333
2648	265	1662
2649	2172	2672
2650	1432	715
2651	672	1325
2652	2297	2638
2653	1603	299
2654	756	1526
2655	2369	2070
2656	1658	418
2657	376	1970
2658	2913	2206
2659	1745	727
2660	898	1615
2661	2517	2632
2662	1416	330
2663	861	1206
2664	2267	2731
2665	1884	98
2666	112	1658
2667	2413	2455
2668	1838	299
2669	875	1839
2670	2295	2723
2671	1999	273
2672	405	1562
2673	2152	2127
2674	1816	418
2675	403	1272
2676	2041	2332
2677	1355	11
2678	55	1950
2679	2615	2307
2680	1003	511
2681	72	1404
2682	2015	2877
2683	1965	786
2684	171	1961
2685	2778	2753
2686	1065	761
2687	837	1684
2688	2046	2031
2689	1765	343
2690	53	1657
2691	2440	2713
2692	1327	714
2693	745	1071
2694	2062	2603
2695	1649	720
2696	14	1965
2697	2029	2609
2698	1976	224
2699	342	1550
2700	2385	2033
2701	1189	661
2702	579	1093
2703	2552	2020
2704	1135	626
2705	742	1074
2706	2663	2584
2707	1535	514
2708	452	1153
2709	2312	2520
2710	1399	532
2711	420	1147
2712	2367	2813
2713	1009	544
2714	855	1058
2715	2891	2133
2716	1891	968
2717	885	1636
2718	2714	2405
2719	1882	121
2720	393	1628
2721	2486	2196
2722	1132	500
2723	381	1397
2724	2301	2298
2725	1757	913
2726	750	1916
2727	2249	2739
2728	1690	87
2729	417	1904
2730	2458	2198
2731	1431	681
2732	35	1605
2733	2994	2871
2734	1320	137
2735	810	1380
2736	2430	2468
2737	1894	153
2738	764	1805
2739	2375	2111
2740	1740	9
2741	890	1451
2742	2740	2482
2743	1081	829
2744	364	1140
2745	2243	2626
2746	1893	542
2747	851	1706
2748	2511	2814
2749	1720	315
2750	998	1608
2751	2808	2696
2752	1303	636
2753	906	1333
2754	2334	2263
2755	1062	665
2756	245	1157
2757	2432	2127
2758	1283	436
2759	271	1454
2760	2971	2760
2761	1237	471
2762	757	1348
2763	2275	2605
2764	1252	929
2765	238	1170
2766	2393	2639
2767	1657	888
2768	961	1406
2769	2044	2243
2770	1593	717
2771	144	1082
2772	2349	2267
2773	1127	788
2774	983	1050
2775	2439	2954
2776	1397	839
2777	463	1435
2778	2488	2014
2779	1456	190
2780	857	1979
2781	2100	2742
2782	1075	614
2783	292	1312
2784	2626	2603
2785	1265	403
2786	713	1690
2787	2451	2205
2788	1059	568
2789	197	1996
2790	2817	2850
2791	1365	841
2792	131	1124
2793	2432	2790
2794	1603	312
2795	111	1123
2796	2884	2130
2797	1702	209
2798	33	1019
2799	2768	2747
2800	1710	606
2801	623	1874
2802	2856	2037
2803	1547	14
2804	582	1526
2805	2899	2277
2806	1460	993
2807	181	1341
2808	2920	2550
2809	1573	716
2810	17	1712
2811	2369	2263
2812	1260	71
2813	259	1938
2814	2620	2544
2815	1315	271
2816	483	1903
2817	2055	2710
2818	1334	314
2819	543	1877
2820	2256	2028
2821	1608	705
2822	535	1090
2823	2364	2650
2824	1821	698
2825	931	1581
2826	2637	2135
2827	1040	120
2828	165	1632
2829	2799	2355
2830	1331	543
2831	767	1021
2832	2146	2478
2833	1169	773
2834	541	1268
2835	2753	2099
2836	1015	864
2837	587	1605
2838	2084	2073
2839	1290	78
2840	888	1790
2841	2759	2136
2842	1362	714
2843	162	1203
2844	2595	2381
2845	1531	137
2846	16	1499
2847	2098	2001
2848	1149	426
2849	157	1947
2850	2758	2035
2851	1191	582
2852	456	1566
2853	2717	2546
2854	1832	928
2855	333	1558
2856	2683	2196
2857	1350	987
2858	208	1084
2859	2066	2431
2860	1118	306
2861	66	1038
2862	2739	2956
2863	1717	123
2864	551	1994
2865	2788	2870
2866	1905	803
2867	631	1424
2868	2830	2791
2869	1255	739
2870	447	1881
2871	2580	2598
2872	1482	800
2873	137	1581
2874	2565	2666
2875	1490	266
2876	733	1671
2877	2091	2594
2878	1392	619
2879	257	1293
2880	2023	2965
2881	1365	454
2882	602	1570
2883	2501	2988
2884	1198	559
2885	152	1857
2886	2964	2402
2887	1690	403
2888	342	1320
2889	2521	2718
2890	1583	200
2891	146	1913
2892	2057	2639
2893	1878	906
2894	455	1953
2895	2255	2361
2896	1840	682
2897	335	1760
2898	2559	2230
2899	1959	237
2900	683	1637
2901	2989	2221
2902	1130	733
2903	828	1459
2904	2897	2166
2905	1028	93
2906	230	1789
2907	2099	2913
2908	1582	50
2909	800	1779
2910	2258	2928
2911	1087	584
2912	796	1274
2913	2712	2576
2914	1696	872
2915	645	1876
2916	2957	2579
2917	1849	454
2918	739	1235
2919	2610	2243
2920	1677	7
2921	113	1928
2922	2352	2384
2923	1586	823
2924	691	1478
2925	2679	2252
2926	1531	757
2927	327	1686
2928	2760	2086
2929	1303	337
2930	721	1772
2931	2739	2062
2932	1485	430
2933	110	1974
2934	2177	2689
2935	1853	492
2936	735	1108
2937	2553	2466
2938	1233	604
2939	33	1344
2940	2536	2183
2941	1948	954
2942	586	1318
2943	2864	2995
2944	1517	497
2945	958	1030
2946	2384	2538
2947	1404	532
2948	924	1480
2949	2494	2832
2950	1318	68
2951	651	1115
2952	2240	2439
2953	1165	130
2954	917	1148
2955	2123	2941
2956	1515	721
2957	582	1205
2958	2900	2233
2959	1073	257
2960	218	1957
2961	2545	2938
2962	1189	908
2963	277	1806
2964	2716	2128
2965	1979	997
2966	426	1381
2967	2681	2564
2968	1089	159
2969	223	1205
2970	2985	2081
2971	1275	314
2972	788	1865
2973	2901	2215
2974	1353	381
2975	834	1526
2976	2528	2996
2977	1769	102
2978	353	1385
2979	2983	2950
2980	1987	145
2981	809	1144
2982	2570	2045
2983	1523	733
2984	106	1284
2985	2197	2349
2986	1530	169
2987	588	1272
2988	2580	2520
2989	1156	854
2990	718	1604
2991	2520	2276
2992	1155	897
2993	60	1149
2994	2142	2213
2995	1828	557
2996	870	1249
2997	2407	2135
2998	1073	961
2999	242	1791
