0	2382	2448
1	1789	548
2	340	1452
3	2555	2020
4	1943	904
5	945	1003
6	2096	2558
7	1180	902
8	327	1068
9	2002	2380
10	1239	318
11	983	1130
12	2348	2030
13	1873	927
14	684	1905
15	2488	2662
16	1663	810
17	416	1019
18	2490	2688
19	1224	514
20	805	1225
21	2405	2071
22	1158	936
23	706	1588
24	2624	2901
25	1715	193
26	820	1429
27	2165	2657
28	1833	646
29	401	1432
30	2150	2411
31	1854	147
32	96	1383
33	2025	2485
34	1449	197
35	59	1318
36	2806	2839
37	1941	212
38	731	1629
39	2275	2073
40	1290	367
41	954	1495
42	2043	2840
43	1029	451
44	700	1882
45	2258	2076
46	1423	385
47	415	1758
48	2132	2365
49	1155	955
50	738	1473
51	2515	2464
52	1366	409
53	634	1619
54	2372	2620
55	1838	949
56	489	1848
57	2659	2691
58	1260	199
59	68	1601
60	2549	2093
61	1735	395
62	488	1474
63	2236	2257
64	1924	405
65	917	1331
66	2116	2590
67	1717	813
68	846	1532
69	2091	2064
70	1348	118
71	569	1414
72	2074	2231
73	1377	824
74	120	1861
75	2704	2512
76	1829	93
77	58	1312
78	2948	2807
79	1269	861
80	336	1321
81	2979	2073
82	1375	200
83	101	1729
84	2439	2540
85	1326	500
86	843	1244
87	2197	2535
88	1368	837
89	499	1560
90	2659	2544
91	1526	558
92	923	1647
93	2625	2948
94	1215	333
95	569	1009
96	2037	2770
97	1530	18
98	31	1849
99	2523	2252
100	1487	200
101	857	1474
102	2297	2700
103	1081	461
104	862	1509
105	2375	2413
106	1930	17
107	474	1941
108	2608	2756
109	1351	569
110	998	1338
111	2182	2425
112	1146	46
113	829	1317
114	2489	2771
115	1970	20
116	89	1624
117	2476	2139
118	1717	91
119	654	1686
120	2876	2677
121	1769	648
122	363	1272
123	2129	2585
124	1463	477
125	363	1604
126	2838	2559
127	1491	873
128	208	1638
129	2440	2063
130	1639	267
131	272	1709
132	2758	2506
133	1979	675
134	268	1613
135	2971	2911
136	1419	790
137	668	1646
138	2326	2798
139	1734	598
140	589	1845
141	2104	2745
142	1758	613
143	208	1900
144	2530	2931
145	1655	345
146	459	1293
147	2367	2472
148	1482	872
149	152	1377
150	2832	2121
151	1079	338
152	141	1136
153	2361	2082
154	1768	37
155	670	1066
156	2297	2774
157	1742	760
158	375	1973
159	2389	2455
160	1791	581
161	629	1055
162	2456	2268
163	1928	507
164	486	1413
165	2663	2729
166	1605	965
167	425	1109
168	2352	2736
169	1554	84
170	265	1647
171	2017	2277
172	1436	32
173	671	1803
174	2986	2078
175	1177	363
176	789	1189
177	2806	2069
178	1674	893
179	340	1967
180	2092	2609
181	1654	356
182	156	1691
183	2796	2923
184	1383	993
185	929	1234
186	2912	2059
187	1636	886
188	452	1383
189	2481	2596
190	1078	984
191	24	1068
192	2298	2041
193	1167	880
194	130	1244
195	2896	2178
196	1805	915
197	948	1752
198	2163	2085
199	1389	360
200	577	1153
201	2211	2639
202	1265	705
203	925	1730
204	2105	2666
205	1750	733
206	373	1870
207	2231	2559
208	1981	435
209	230	1015
210	2864	2216
211	1899	1
212	265	1547
213	2835	2626
214	1127	946
215	7	1536
216	2181	2087
217	1161	601
218	309	1831
219	2973	2121
220	1050	624
221	743	1123
222	2699	2436
223	1937	342
224	693	1007
225	2214	2791
226	1492	244
227	577	1459
228	2852	2876
229	1038	41
230	303	1932
231	2040	2869
232	1569	865
233	259	1432
234	2592	2134
235	1242	491
236	960	1100
237	2405	2968
238	1113	264
239	185	1799
240	2603	2061
241	1729	471
242	34	1362
243	2558	2806
244	1264	719
245	587	1525
246	2033	2919
247	1024	248
248	203	1168
249	2536	2339
250	1076	433
251	258	1490
252	2771	2920
253	1508	953
254	864	1894
255	2772	2952
256	1283	694
257	756	1794
258	2549	2375
259	1339	285
260	716	1003
261	2343	2693
262	1555	889
263	720	1746
264	2495	2753
265	1427	615
266	559	1649
267	2769	2572
268	1454	868
269	749	1619
270	2482	2538
271	1085	113
272	751	1133
273	2063	2712
274	1686	317
275	868	1681
276	2041	2023
277	1783	435
278	682	1738
279	2665	2117
280	1284	200
281	806	1024
282	2877	2964
283	1576	273
284	581	1525
285	2393	2860
286	1927	588
287	610	1207
288	2923	2970
289	1957	287
290	341	1995
291	2993	2458
292	1411	955
293	216	1886
294	2371	2866
295	1161	645
296	220	1822
297	2627	2322
298	1969	758
299	846	1183
300	2105	2981
301	1121	281
302	161	1461
303	2874	2332
304	1840	303
305	627	1929
306	2424	2159
307	1509	51
308	202	1960
309	2101	2391
310	1217	455
311	911	1400
312	2146	2986
313	1529	239
314	8	1230
315	2753	2905
316	1694	996
317	997	1009
318	2043	2517
319	1815	117
320	339	1117
321	2043	2411
322	1146	854
323	553	1473
324	2936	2193
325	1948	849
326	813	1606
327	2905	2459
328	1911	983
329	711	1753
330	2072	2955
331	1417	889
332	940	1290
333	2311	2712
334	1567	148
335	78	1913
336	2633	2192
337	1608	694
338	412	1010
339	2901	2468
340	1552	683
341	846	1255
342	2784	2935
343	1336	984
344	562	1511
345	2008	2755
346	1691	830
347	244	1914
348	2124	2172
349	1603	364
350	969	1584
351	2168	2653
352	1506	146
353	375	1689
354	2523	2165
355	1155	571
356	419	1135
357	2299	2015
358	1926	390
359	895	1549
360	2554	2891
361	1882	416
362	50	1251
363	2216	2992
364	1372	864
365	60	1973
366	2409	2461
367	1998	289
368	74	1254
369	2408	2886
370	1472	394
371	619	1359
372	2841	2042
373	1903	773
374	529	1100
375	2425	2715
376	1791	339
377	253	1392
378	2892	2772
379	1747	219
380	413	1408
381	2547	2122
382	1989	679
383	977	1592
384	2419	2589
385	1424	881
386	913	1658
387	2239	2612
388	1269	591
389	399	1518
390	2367	2268
391	1903	959
392	632	1384
393	2916	2724
394	1711	9
395	160	1116
396	2581	2350
397	1006	645
398	602	1220
399	2684	2521
400	1997	666
401	34	1528
402	2463	2201
403	1980	182
404	811	1375
405	2679	2049
406	1599	383
407	433	1713
408	2602	2099
409	1368	397
410	442	1697
411	2089	2258
412	1772	937
413	672	1148
414	2401	2707
415	1513	298
416	177	1314
417	2166	2918
418	1750	951
419	668	1676
420	2174	2987
421	1573	711
422	110	1164
423	2109	2562
424	1750	725
425	679	1736
426	2369	2083
427	1120	588
428	766	1373
429	2828	2717
430	1797	714
431	229	1068
432	2632	2670
433	1897	116
434	853	1692
435	2121	2457
436	1384	13
437	272	1879
438	2762	2982
439	1467	602
440	818	1745
441	2126	2217
442	1154	108
443	891	1313
444	2906	2903
445	1693	820
446	550	1342
447	2253	2092
448	1126	984
449	142	1028
450	2694	2025
451	1096	50
452	493	1264
453	2953	2277
454	1185	524
455	261	1389
456	2614	2132
457	1161	526
458	66	1784
459	2655	2576
460	1714	875
461	280	1175
462	2160	2517
463	1313	75
464	363	1179
465	2354	2193
466	1654	724
467	284	1431
468	2990	2434
469	1305	833
470	377	1856
471	2736	2878
472	1460	639
473	575	1747
474	2733	2428
475	1084	404
476	497	1182
477	2461	2843
478	1560	617
479	999	1334
480	2620	2959
481	1570	689
482	700	1784
483	2890	2188
484	1416	273
485	167	1689
486	2434	2464
487	1207	810
488	716	1349
489	2544	2899
490	1712	49
491	939	1945
492	2121	2608
493	1952	508
494	612	1006
495	2642	2213
496	1070	237
497	88	1668
498	2674	2390
499	1460	627
500	340	1669
501	2674	2956
502	1518	526
503	822	1172
504	2107	2137
505	1598	553
506	12	1717
507	2935	2871
508	1690	358
509	210	1077
510	2754	2117
511	1250	434
512	151	1140
513	2500	2727
514	1635	90
515	904	1222
516	2909	2655
517	1641	428
518	475	1563
519	2915	2668
520	1386	886
521	813	1043
522	2630	2703
523	1938	151
524	63	1638
525	2889	2453
526	1303	776
527	552	1410
528	2704	2498
529	1300	975
530	747	1731
531	2224	2169
532	1093	133
533	773	1877
534	2089	2552
535	1867	540
536	125	1432
537	2504	2506
538	1722	909
539	212	1225
540	2291	2854
541	1634	680
542	629	1485
543	2801	2943
544	1331	342
545	169	1754
546	2557	2969
547	1421	674
548	554	1820
549	2277	2058
550	1456	241
551	553	1495
552	2467	2024
553	1109	27
554	970	1491
555	2518	2626
556	1680	486
557	693	1039
558	2180	2618
559	1361	872
560	701	1008
561	2077	2388
562	1886	33
563	162	1734
564	2225	2040
565	1637	677
566	966	1661
567	2842	2501
568	1750	237
569	437	1630
570	2607	2279
571	1495	14
572	280	1899
573	2980	2830
574	1370	482
575	332	1354
576	2570	2192
577	1255	17
578	790	1244
579	2325	2459
580	1447	441
581	217	1885
582	2119	2949
583	1391	209
584	396	1919
585	2209	2102
586	1372	862
587	604	1160
588	2319	2918
589	1431	302
590	51	1103
591	2489	2890
592	1299	894
593	811	1990
594	2709	2423
595	1467	451
596	159	1346
597	2406	2037
598	1816	298
599	72	1184
600	2709	2683
601	1401	312
602	650	1189
603	2024	2148
604	1324	544
605	386	1532
606	2179	2572
607	1859	827
608	73	1931
609	2369	2292
610	1706	294
611	241	1018
612	2603	2040
613	1202	206
614	295	1209
615	2594	2061
616	1479	972
617	172	1172
618	2916	2592
619	1223	352
620	814	1733
621	2386	2095
622	1923	543
623	738	1851
624	2253	2063
625	1711	165
626	252	1583
627	2219	2796
628	1743	9
629	668	1500
630	2547	2268
631	1372	582
632	15	1046
633	2575	2798
634	1858	393
635	628	1828
636	2497	2935
637	1709	735
638	39	1849
639	2733	2498
640	1151	159
641	812	1366
642	2963	2729
643	1009	875
644	98	1494
645	2724	2035
646	1622	943
647	320	1003
648	2241	2969
649	1110	629
650	0	1802
651	2167	2543
652	1167	813
653	216	1428
654	2728	2952
655	1180	976
656	614	1123
657	2841	2142
658	1212	675
659	915	1551
660	2071	2258
661	1470	93
662	384	1290
663	2955	2945
664	1346	944
665	918	1036
666	2757	2143
667	1035	571
668	102	1493
669	2702	2534
670	1898	150
671	560	1440
672	2920	2038
673	1031	331
674	71	1251
675	2668	2379
676	1663	136
677	528	1254
678	2011	2574
679	1904	851
680	425	1526
681	2906	2760
682	1175	33
683	313	1662
684	2003	2600
685	1118	535
686	496	1524
687	2477	2564
688	1449	37
689	798	1033
690	2377	2915
691	1989	27
692	672	1018
693	2937	2494
694	1093	746
695	647	1242
696	2012	2980
697	1578	67
698	735	1161
699	2089	2564
700	1038	70
701	946	1161
702	2808	2448
703	1422	40
704	124	1545
705	2689	2150
706	1367	964
707	409	1426
708	2492	2220
709	1133	783
710	840	1612
711	2619	2274
712	1276	85
713	490	1069
714	2733	2694
715	1750	430
716	148	1208
717	2177	2626
718	1839	444
719	418	1047
720	2662	2681
721	1421	777
722	674	1410
723	2333	2746
724	1993	322
725	746	1684
726	2953	2583
727	1211	354
728	145	1969
729	2763	2077
730	1653	212
731	666	1482
732	2446	2507
733	1217	380
734	858	1378
735	2647	2493
736	1405	962
737	61	1911
738	2972	2338
739	1489	952
740	297	1476
741	2940	2973
742	1694	790
743	586	1663
744	2788	2525
745	1858	729
746	66	1452
747	2503	2161
748	1592	967
749	322	1466
750	2369	2815
751	1891	823
752	150	1814
753	2674	2580
754	1747	798
755	415	1447
756	2267	2642
757	1482	132
758	447	1366
759	2519	2535
760	1011	615
761	146	1884
762	2495	2837
763	1369	524
764	417	1225
765	2465	2055
766	1084	117
767	229	1591
768	2423	2891
769	1814	509
770	385	1594
771	2970	2851
772	1260	190
773	873	1118
774	2380	2365
775	1304	907
776	992	1443
777	2300	2654
778	1268	386
779	434	1227
780	2721	2887
781	1224	908
782	271	1926
783	2317	2454
784	1403	195
785	396	1166
786	2964	2092
787	1104	718
788	889	1024
789	2108	2792
790	1774	417
791	87	1630
792	2828	2392
793	1296	947
794	370	1027
795	2393	2205
796	1330	521
797	459	1542
798	2946	2395
799	1243	43
800	527	1076
801	2032	2930
802	1243	133
803	130	1969
804	2255	2247
805	1087	129
806	664	1894
807	2849	2345
808	1866	236
809	720	1670
810	2648	2922
811	1220	368
812	35	1927
813	2367	2670
814	1893	521
815	215	1478
816	2662	2800
817	1555	42
818	88	1351
819	2653	2270
820	1616	441
821	83	1761
822	2818	2168
823	1531	870
824	619	1028
825	2548	2960
826	1709	674
827	805	1598
828	2229	2458
829	1909	210
830	479	1526
831	2420	2063
832	1072	266
833	108	1576
834	2879	2319
835	1769	738
836	938	1603
837	2698	2666
838	1367	835
839	872	1160
840	2808	2055
841	1851	319
842	271	1691
843	2044	2156
844	1454	672
845	976	1303
846	2385	2743
847	1406	74
848	243	1684
849	2680	2800
850	1221	591
851	759	1502
852	2913	2496
853	1587	616
854	487	1578
855	2356	2591
856	1128	816
857	110	1902
858	2102	2755
859	1961	874
860	916	1821
861	2324	2608
862	1550	674
863	94	1610
864	2890	2318
865	1901	362
866	118	1480
867	2764	2312
868	1077	722
869	201	1735
870	2436	2480
871	1646	115
872	260	1912
873	2574	2973
874	1952	363
875	960	1607
876	2433	2223
877	1432	327
878	182	1185
879	2268	2726
880	1423	996
881	64	1628
882	2280	2242
883	1456	49
884	324	1062
885	2064	2555
886	1708	61
887	194	1642
888	2717	2719
889	1474	264
890	510	1099
891	2985	2228
892	1516	602
893	239	1831
894	2429	2186
895	1428	167
896	628	1318
897	2123	2465
898	1943	918
899	734	1491
900	2355	2377
901	1803	342
902	216	1388
903	2167	2450
904	1451	408
905	436	1064
906	2533	2954
907	1687	561
908	43	1717
909	2152	2006
910	1235	325
911	621	1582
912	2608	2063
913	1127	80
914	263	1381
915	2051	2238
916	1061	678
917	375	1796
918	2635	2652
919	1111	810
920	235	1581
921	2070	2506
922	1418	736
923	350	1804
924	2661	2703
925	1959	493
926	941	1080
927	2654	2408
928	1629	862
929	290	1361
930	2695	2601
931	1767	474
932	214	1229
933	2596	2823
934	1156	742
935	308	1520
936	2329	2033
937	1623	795
938	54	1002
939	2092	2128
940	1392	59
941	882	1114
942	2556	2769
943	1457	44
944	592	1158
945	2178	2380
946	1338	982
947	750	1731
948	2510	2998
949	1221	194
950	305	1147
951	2410	2360
952	1412	146
953	351	1419
954	2542	2860
955	1595	54
956	200	1315
957	2813	2971
958	1050	497
959	76	1026
960	2792	2556
961	1059	872
962	495	1425
963	2080	2974
964	1815	43
965	462	1650
966	2688	2206
967	1301	473
968	385	1630
969	2331	2478
970	1319	884
971	839	1081
972	2931	2403
973	1482	541
974	905	1161
975	2893	2028
976	1835	829
977	438	1824
978	2107	2554
979	1072	363
980	140	1443
981	2745	2215
982	1698	839
983	344	1791
984	2025	2871
985	1648	236
986	333	1451
987	2401	2777
988	1300	271
989	875	1811
990	2948	2065
991	1502	980
992	22	1236
993	2726	2851
994	1016	660
995	884	1377
996	2769	2567
997	1592	993
998	711	1959
999	2146	2628
1000	1191	478
1001	476	1196
1002	2717	2517
1003	1563	967
1004	339	1399
1005	2185	2006
1006	1841	393
1007	542	1298
1008	2179	2261
1009	1662	328
1010	918	1544
1011	2995	2628
1012	1157	369
1013	376	1167
1014	2758	2707
1015	1368	377
1016	755	1858
1017	2626	2197
1018	1879	177
1019	160	1200
1020	2243	2211
1021	1361	608
1022	641	1345
1023	2122	2706
1024	1589	494
1025	867	1303
1026	2590	2073
1027	1177	91
1028	949	1779
1029	2624	2577
1030	1397	989
1031	59	1592
1032	2967	2648
1033	1110	580
1034	152	1695
1035	2827	2909
1036	1846	189
1037	669	1920
1038	2878	2075
1039	1146	392
1040	554	1637
1041	2152	2557
1042	1489	94
1043	125	1732
1044	2971	2359
1045	1964	779
1046	676	1600
1047	2577	2509
1048	1100	211
1049	660	1640
1050	2009	2610
1051	1244	657
1052	158	1240
1053	2768	2809
1054	1180	301
1055	503	1050
1056	2151	2644
1057	1805	994
1058	563	1609
1059	2533	2276
1060	1259	0
1061	17	1983
1062	2389	2652
1063	1581	166
1064	806	1660
1065	2711	2487
1066	1319	731
1067	419	1089
1068	2244	2576
1069	1416	719
1070	630	1429
1071	2899	2700
1072	1692	152
1073	508	1172
1074	2801	2275
1075	1582	109
1076	740	1409
1077	2047	2062
1078	1092	590
1079	43	1761
1080	2252	2117
1081	1559	15
1082	72	1489
1083	2260	2964
1084	1201	834
1085	118	1253
1086	2764	2140
1087	1166	217
1088	627	1535
1089	2892	2167
1090	1488	958
1091	218	1333
1092	2545	2561
1093	1266	75
1094	557	1356
1095	2813	2758
1096	1637	618
1097	233	1600
1098	2230	2993
1099	1803	431
1100	14	1019
1101	2932	2786
1102	1327	1
1103	915	1089
1104	2443	2469
1105	1572	553
1106	864	1275
1107	2786	2399
1108	1902	154
1109	627	1710
1110	2739	2311
1111	1928	714
1112	99	1145
1113	2042	2284
1114	1814	605
1115	1	1934
1116	2905	2456
1117	1872	262
1118	263	1100
1119	2411	2124
1120	1818	758
1121	312	1368
1122	2540	2404
1123	1118	806
1124	62	1147
1125	2661	2970
1126	1820	620
1127	499	1461
1128	2404	2181
1129	1403	853
1130	703	1485
1131	2368	2286
1132	1120	165
1133	383	1451
1134	2070	2758
1135	1840	956
1136	162	1465
1137	2251	2561
1138	1698	697
1139	422	1033
1140	2920	2390
1141	1837	770
1142	763	1747
1143	2451	2879
1144	1098	72
1145	654	1520
1146	2252	2246
1147	1729	374
1148	289	1503
1149	2949	2356
1150	1479	289
1151	937	1702
1152	2271	2084
1153	1447	992
1154	931	1227
1155	2498	2089
1156	1625	578
1157	275	1556
1158	2451	2233
1159	1342	645
1160	399	1220
1161	2257	2196
1162	1528	302
1163	610	1192
1164	2293	2224
1165	1770	476
1166	133	1822
1167	2945	2480
1168	1700	469
1169	371	1456
1170	2440	2777
1171	1188	144
1172	78	1701
1173	2762	2605
1174	1514	917
1175	449	1870
1176	2336	2926
1177	1892	623
1178	154	1486
1179	2070	2280
1180	1107	223
1181	623	1907
1182	2686	2374
1183	1846	333
1184	877	1256
1185	2952	2816
1186	1728	898
1187	41	1211
1188	2216	2153
1189	1855	905
1190	551	1424
1191	2474	2671
1192	1062	2
1193	361	1361
1194	2732	2407
1195	1721	828
1196	930	1508
1197	2000	2739
1198	1970	789
1199	548	1131
1200	2915	2920
1201	1477	560
1202	825	1629
1203	2754	2969
1204	1527	335
1205	620	1927
1206	2749	2493
1207	1285	704
1208	563	1119
1209	2102	2007
1210	1982	847
1211	912	1117
1212	2324	2138
1213	1766	767
1214	364	1119
1215	2078	2034
1216	1892	63
1217	695	1986
1218	2230	2440
1219	1561	541
1220	534	1926
1221	2761	2351
1222	1498	678
1223	646	1880
1224	2624	2425
1225	1388	643
1226	574	1579
1227	2727	2808
1228	1711	667
1229	895	1017
1230	2436	2958
1231	1284	522
1232	609	1478
1233	2492	2710
1234	1044	706
1235	873	1324
1236	2780	2002
1237	1162	956
1238	386	1286
1239	2985	2062
1240	1805	985
1241	755	1142
1242	2826	2636
1243	1669	107
1244	449	1943
1245	2377	2374
1246	1991	565
1247	523	1197
1248	2943	2976
1249	1041	813
1250	872	1768
1251	2799	2318
1252	1272	900
1253	645	1812
1254	2490	2118
1255	1478	638
1256	181	1301
1257	2630	2127
1258	1836	682
1259	595	1000
1260	2009	2571
1261	1693	881
1262	589	1998
1263	2772	2471
1264	1705	603
1265	831	1804
1266	2419	2274
1267	1438	931
1268	238	1563
1269	2691	2951
1270	1397	683
1271	805	1371
1272	2009	2400
1273	1220	973
1274	792	1483
1275	2579	2455
1276	1732	398
1277	508	1339
1278	2891	2917
1279	1984	0
1280	688	1170
1281	2267	2293
1282	1076	299
1283	545	1928
1284	2070	2391
1285	1996	545
1286	203	1847
1287	2899	2963
1288	1131	119
1289	73	1468
1290	2117	2557
1291	1358	523
1292	480	1221
1293	2735	2234
1294	1806	85
1295	347	1776
1296	2787	2037
1297	1838	466
1298	726	1011
1299	2733	2333
1300	1515	661
1301	55	1904
1302	2140	2409
1303	1295	39
1304	888	1004
1305	2561	2233
1306	1021	505
1307	482	1979
1308	2397	2232
1309	1346	548
1310	915	1057
1311	2720	2538
1312	1844	795
1313	404	1698
1314	2753	2033
1315	1260	817
1316	419	1885
1317	2563	2983
1318	1653	219
1319	138	1803
1320	2666	2861
1321	1411	482
1322	763	1113
1323	2114	2458
1324	1927	94
1325	638	1944
1326	2123	2980
1327	1426	157
1328	471	1872
1329	2541	2817
1330	1882	331
1331	976	1970
1332	2516	2159
1333	1769	664
1334	707	1309
1335	2281	2813
1336	1979	722
1337	542	1582
1338	2936	2629
1339	1498	357
1340	575	1778
1341	2407	2758
1342	1858	488
1343	223	1086
1344	2766	2015
1345	1992	26
1346	445	1976
1347	2513	2867
1348	1615	72
1349	753	1150
1350	2342	2062
1351	1392	898
1352	612	1712
1353	2696	2677
1354	1204	851
1355	868	1003
1356	2403	2082
1357	1496	795
1358	793	1342
1359	2359	2850
1360	1894	899
1361	713	1543
1362	2645	2848
1363	1816	573
1364	183	1865
1365	2283	2260
1366	1710	14
1367	623	1629
1368	2077	2571
1369	1052	854
1370	318	1290
1371	2702	2238
1372	1572	581
1373	678	1789
1374	2025	2036
1375	1134	499
1376	708	1924
1377	2808	2757
1378	1496	309
1379	224	1688
1380	2998	2874
1381	1126	330
1382	543	1106
1383	2637	2704
1384	1004	372
1385	890	1600
1386	2520	2741
1387	1849	849
1388	594	1827
1389	2917	2761
1390	1734	412
1391	869	1428
1392	2405	2271
1393	1613	420
1394	787	1451
1395	2857	2136
1396	1720	898
1397	598	1966
1398	2889	2082
1399	1144	763
1400	332	1587
1401	2195	2926
1402	1917	942
1403	435	1382
1404	2294	2761
1405	1997	601
1406	337	1112
1407	2001	2832
1408	1397	224
1409	484	1519
1410	2900	2681
1411	1025	613
1412	763	1497
1413	2508	2733
1414	1835	555
1415	584	1841
1416	2713	2769
1417	1568	521
1418	965	1485
1419	2858	2273
1420	1835	822
1421	732	1661
1422	2951	2078
1423	1026	48
1424	52	1747
1425	2832	2277
1426	1269	656
1427	872	1306
1428	2368	2843
1429	1130	623
1430	598	1906
1431	2782	2280
1432	1316	371
1433	546	1497
1434	2751	2125
1435	1315	887
1436	753	1129
1437	2139	2736
1438	1346	340
1439	980	1599
1440	2497	2296
1441	1389	936
1442	561	1051
1443	2241	2340
1444	1451	470
1445	66	1505
1446	2863	2845
1447	1625	480
1448	523	1603
1449	2676	2722
1450	1336	526
1451	684	1895
1452	2972	2637
1453	1656	495
1454	472	1102
1455	2128	2454
1456	1653	697
1457	820	1400
1458	2218	2565
1459	1887	532
1460	518	1728
1461	2209	2028
1462	1645	687
1463	858	1186
1464	2444	2244
1465	1335	415
1466	986	1654
1467	2073	2173
1468	1819	16
1469	279	1466
1470	2798	2177
1471	1256	28
1472	668	1855
1473	2710	2259
1474	1751	15
1475	679	1779
1476	2314	2195
1477	1017	106
1478	978	1933
1479	2897	2251
1480	1629	427
1481	580	1578
1482	2222	2677
1483	1219	199
1484	809	1846
1485	2517	2553
1486	1743	983
1487	451	1999
1488	2379	2822
1489	1595	736
1490	463	1201
1491	2503	2775
1492	1522	263
1493	799	1012
1494	2782	2141
1495	1907	859
1496	261	1046
1497	2462	2205
1498	1900	541
1499	666	1568
1500	2750	2426
1501	1375	394
1502	163	1075
1503	2003	2513
1504	1594	527
1505	18	1243
1506	2261	2425
1507	1057	322
1508	932	1081
1509	2599	2031
1510	1181	994
1511	912	1737
1512	2694	2293
1513	1191	872
1514	122	1053
1515	2437	2915
1516	1116	357
1517	764	1374
1518	2932	2034
1519	1645	520
1520	463	1483
1521	2888	2954
1522	1374	905
1523	453	1298
1524	2303	2742
1525	1325	715
1526	490	1237
1527	2482	2716
1528	1967	298
1529	479	1033
1530	2534	2287
1531	1702	61
1532	661	1533
1533	2242	2414
1534	1713	676
1535	719	1044
1536	2694	2338
1537	1089	929
1538	980	1691
1539	2197	2235
1540	1981	575
1541	850	1631
1542	2394	2140
1543	1645	121
1544	357	1896
1545	2488	2070
1546	1863	145
1547	664	1023
1548	2634	2099
1549	1716	0
1550	128	1816
1551	2332	2206
1552	1229	432
1553	467	1847
1554	2154	2147
1555	1274	583
1556	972	1969
1557	2679	2883
1558	1519	448
1559	34	1035
1560	2846	2128
1561	1337	404
1562	687	1713
1563	2037	2951
1564	1234	250
1565	713	1386
1566	2885	2963
1567	1428	470
1568	804	1556
1569	2892	2489
1570	1389	255
1571	390	1447
1572	2522	2969
1573	1895	928
1574	544	1825
1575	2445	2738
1576	1192	761
1577	886	1271
1578	2620	2630
1579	1028	262
1580	979	1341
1581	2985	2840
1582	1598	188
1583	82	1622
1584	2943	2236
1585	1706	968
1586	43	1433
1587	2657	2995
1588	1609	564
1589	119	1019
1590	2692	2856
1591	1973	66
1592	284	1081
1593	2304	2028
1594	1174	975
1595	557	1704
1596	2387	2039
1597	1476	615
1598	439	1809
1599	2011	2560
1600	1430	940
1601	37	1143
1602	2553	2763
1603	1380	364
1604	638	1535
1605	2434	2912
1606	1414	908
1607	534	1674
1608	2767	2336
1609	1684	713
1610	651	1799
1611	2324	2676
1612	1401	922
1613	302	1788
1614	2520	2066
1615	1567	300
1616	441	1742
1617	2490	2461
1618	1111	10
1619	834	1512
1620	2599	2464
1621	1068	661
1622	865	1489
1623	2131	2925
1624	1211	10
1625	903	1818
1626	2979	2497
1627	1250	121
1628	894	1493
1629	2002	2194
1630	1323	112
1631	984	1134
1632	2306	2368
1633	1002	348
1634	377	1174
1635	2889	2401
1636	1962	810
1637	470	1674
1638	2909	2973
1639	1767	569
1640	315	1595
1641	2854	2666
1642	1801	598
1643	338	1312
1644	2381	2494
1645	1098	790
1646	342	1590
1647	2843	2742
1648	1502	430
1649	399	1966
1650	2086	2568
1651	1558	792
1652	285	1209
1653	2102	2758
1654	1341	413
1655	148	1427
1656	2723	2605
1657	1674	651
1658	669	1099
1659	2945	2495
1660	1010	361
1661	592	1973
1662	2705	2714
1663	1015	701
1664	428	1443
1665	2948	2393
1666	1834	874
1667	560	1432
1668	2428	2144
1669	1684	831
1670	218	1424
1671	2322	2302
1672	1765	437
1673	674	1266
1674	2699	2497
1675	1913	281
1676	697	1647
1677	2823	2287
1678	1799	959
1679	632	1145
1680	2458	2310
1681	1789	734
1682	937	1936
1683	2380	2030
1684	1751	792
1685	711	1945
1686	2863	2563
1687	1851	293
1688	4	1591
1689	2895	2956
1690	1321	479
1691	81	1681
1692	2834	2272
1693	1982	326
1694	176	1116
1695	2288	2324
1696	1397	305
1697	328	1035
1698	2858	2733
1699	1612	7
1700	882	1352
1701	2749	2992
1702	1100	950
1703	892	1809
1704	2400	2381
1705	1990	128
1706	828	1460
1707	2370	2316
1708	1920	672
1709	155	1471
1710	2260	2475
1711	1549	954
1712	529	1968
1713	2694	2510
1714	1291	930
1715	158	1479
1716	2995	2201
1717	1854	989
1718	15	1309
1719	2799	2442
1720	1557	459
1721	802	1344
1722	2850	2219
1723	1026	224
1724	472	1978
1725	2889	2446
1726	1821	947
1727	857	1375
1728	2367	2124
1729	1220	966
1730	394	1958
1731	2764	2100
1732	1552	130
1733	40	1440
1734	2148	2186
1735	1545	295
1736	427	1209
1737	2375	2995
1738	1801	540
1739	171	1977
1740	2726	2483
1741	1413	550
1742	695	1272
1743	2650	2792
1744	1057	701
1745	978	1447
1746	2401	2884
1747	1428	718
1748	803	1434
1749	2946	2563
1750	1115	633
1751	68	1696
1752	2190	2263
1753	1218	966
1754	576	1910
1755	2945	2487
1756	1146	298
1757	582	1124
1758	2411	2093
1759	1380	312
1760	711	1882
1761	2026	2478
1762	1862	644
1763	715	1073
1764	2192	2147
1765	1932	506
1766	861	1408
1767	2115	2984
1768	1766	535
1769	349	1337
1770	2579	2821
1771	1538	254
1772	276	1666
1773	2313	2839
1774	1692	671
1775	554	1463
1776	2895	2978
1777	1487	122
1778	840	1310
1779	2208	2864
1780	1121	377
1781	653	1409
1782	2016	2935
1783	1166	541
1784	413	1132
1785	2401	2448
1786	1915	423
1787	997	1956
1788	2387	2098
1789	1800	640
1790	69	1970
1791	2804	2736
1792	1703	761
1793	684	1619
1794	2795	2512
1795	1757	514
1796	700	1019
1797	2791	2956
1798	1166	91
1799	385	1983
1800	2118	2543
1801	1621	826
1802	581	1431
1803	2145	2356
1804	1296	738
1805	170	1082
1806	2824	2189
1807	1153	853
1808	191	1734
1809	2804	2648
1810	1721	405
1811	83	1615
1812	2657	2922
1813	1973	93
1814	969	1145
1815	2999	2127
1816	1944	479
1817	969	1570
1818	2021	2234
1819	1898	362
1820	246	1969
1821	2900	2511
1822	1465	729
1823	671	1209
1824	2417	2022
1825	1982	130
1826	215	1189
1827	2707	2419
1828	1856	549
1829	814	1552
1830	2980	2974
1831	1488	430
1832	525	1822
1833	2197	2309
1834	1676	821
1835	695	1229
1836	2185	2907
1837	1490	830
1838	434	1863
1839	2132	2737
1840	1065	797
1841	695	1135
1842	2006	2891
1843	1109	296
1844	541	1698
1845	2956	2729
1846	1108	834
1847	399	1508
1848	2235	2299
1849	1707	435
1850	79	1773
1851	2710	2707
1852	1597	646
1853	624	1297
1854	2179	2896
1855	1975	798
1856	573	1899
1857	2039	2415
1858	1624	6
1859	6	1279
1860	2904	2839
1861	1347	643
1862	983	1757
1863	2806	2102
1864	1073	751
1865	481	1027
1866	2865	2031
1867	1014	174
1868	874	1197
1869	2437	2246
1870	1076	183
1871	50	1051
1872	2394	2556
1873	1441	967
1874	837	1449
1875	2949	2467
1876	1461	249
1877	105	1760
1878	2699	2293
1879	1978	791
1880	990	1579
1881	2054	2592
1882	1124	958
1883	620	1287
1884	2033	2234
1885	1434	420
1886	689	1291
1887	2035	2295
1888	1901	927
1889	635	1951
1890	2983	2143
1891	1884	984
1892	765	1617
1893	2456	2806
1894	1587	738
1895	42	1678
1896	2444	2182
1897	1229	825
1898	516	1508
1899	2582	2210
1900	1783	323
1901	672	1392
1902	2751	2213
1903	1319	17
1904	427	1828
1905	2218	2667
1906	1853	959
1907	813	1500
1908	2770	2885
1909	1925	98
1910	249	1375
1911	2520	2236
1912	1550	212
1913	382	1197
1914	2239	2975
1915	1464	308
1916	817	1606
1917	2037	2436
1918	1878	977
1919	363	1331
1920	2401	2896
1921	1084	451
1922	686	1364
1923	2527	2978
1924	1866	955
1925	271	1414
1926	2650	2853
1927	1548	482
1928	950	1122
1929	2130	2124
1930	1848	65
1931	217	1203
1932	2420	2303
1933	1434	932
1934	627	1971
1935	2235	2542
1936	1750	318
1937	417	1415
1938	2197	2367
1939	1111	993
1940	171	1285
1941	2127	2038
1942	1158	359
1943	346	1974
1944	2960	2292
1945	1885	425
1946	206	1174
1947	2211	2256
1948	1068	558
1949	556	1734
1950	2022	2512
1951	1686	233
1952	644	1318
1953	2528	2248
1954	1841	908
1955	956	1376
1956	2146	2203
1957	1894	228
1958	201	1542
1959	2882	2754
1960	1059	742
1961	383	1322
1962	2654	2322
1963	1905	534
1964	907	1740
1965	2192	2563
1966	1912	595
1967	296	1976
1968	2719	2894
1969	1204	529
1970	110	1599
1971	2463	2448
1972	1163	451
1973	614	1133
1974	2594	2576
1975	1495	682
1976	294	1733
1977	2846	2433
1978	1127	832
1979	632	1289
1980	2093	2402
1981	1495	785
1982	82	1583
1983	2493	2185
1984	1258	829
1985	575	1745
1986	2839	2778
1987	1122	437
1988	436	1380
1989	2209	2046
1990	1918	873
1991	453	1078
1992	2125	2009
1993	1717	476
1994	444	1464
1995	2523	2711
1996	1985	667
1997	307	1114
1998	2977	2366
1999	1488	788
2000	79	1751
2001	2924	2731
2002	1543	548
2003	133	1890
2004	2293	2471
2005	1129	794
2006	511	1527
2007	2768	2184
2008	1877	438
2009	232	1334
2010	2224	2955
2011	1416	603
2012	603	1933
2013	2421	2303
2014	1209	880
2015	161	1643
2016	2768	2054
2017	1600	0
2018	924	1989
2019	2293	2477
2020	1245	757
2021	132	1578
2022	2022	2612
2023	1268	594
2024	763	1316
2025	2049	2406
2026	1062	38
2027	212	1823
2028	2542	2111
2029	1940	505
2030	350	1748
2031	2524	2337
2032	1871	973
2033	67	1813
2034	2978	2365
2035	1303	287
2036	141	1029
2037	2778	2009
2038	1937	751
2039	919	1006
2040	2197	2641
2041	1573	444
2042	924	1217
2043	2809	2741
2044	1655	921
2045	779	1967
2046	2912	2369
2047	1229	548
2048	152	1476
2049	2509	2648
2050	1565	880
2051	752	1597
2052	2590	2863
2053	1532	226
2054	719	1938
2055	2251	2782
2056	1789	82
2057	225	1680
2058	2431	2478
2059	1272	656
2060	722	1048
2061	2102	2554
2062	1125	997
2063	835	1005
2064	2721	2912
2065	1443	302
2066	415	1157
2067	2773	2133
2068	1401	366
2069	436	1316
2070	2732	2726
2071	1030	878
2072	261	1343
2073	2147	2059
2074	1269	466
2075	917	1489
2076	2292	2675
2077	1909	330
2078	949	1803
2079	2018	2965
2080	1638	661
2081	809	1848
2082	2310	2729
2083	1327	663
2084	33	1567
2085	2256	2863
2086	1076	874
2087	636	1165
2088	2726	2075
2089	1461	350
2090	260	1867
2091	2985	2063
2092	1327	225
2093	89	1096
2094	2084	2609
2095	1983	286
2096	75	1286
2097	2829	2099
2098	1668	802
2099	383	1736
2100	2004	2221
2101	1066	477
2102	915	1438
2103	2372	2914
2104	1695	992
2105	423	1666
2106	2628	2126
2107	1296	833
2108	572	1429
2109	2343	2832
2110	1809	916
2111	330	1722
2112	2030	2761
2113	1363	652
2114	45	1576
2115	2756	2439
2116	1373	579
2117	692	1236
2118	2012	2940
2119	1478	666
2120	577	1075
2121	2089	2918
2122	1312	232
2123	694	1111
2124	2494	2106
2125	1175	14
2126	289	1948
2127	2631	2623
2128	1288	696
2129	361	1879
2130	2725	2995
2131	1218	394
2132	672	1616
2133	2348	2490
2134	1242	532
2135	178	1683
2136	2350	2716
2137	1360	360
2138	227	1826
2139	2207	2679
2140	1622	850
2141	26	1101
2142	2501	2678
2143	1350	794
2144	996	1329
2145	2562	2639
2146	1271	885
2147	391	1912
2148	2310	2138
2149	1544	935
2150	291	1546
2151	2412	2371
2152	1247	876
2153	807	1363
2154	2712	2327
2155	1283	817
2156	758	1848
2157	2940	2911
2158	1235	470
2159	16	1152
2160	2983	2262
2161	1748	13
2162	813	1034
2163	2116	2240
2164	1892	514
2165	516	1826
2166	2752	2849
2167	1149	257
2168	772	1133
2169	2312	2727
2170	1376	305
2171	266	1480
2172	2056	2081
2173	1730	532
2174	760	1586
2175	2852	2287
2176	1613	930
2177	94	1733
2178	2607	2036
2179	1073	317
2180	102	1946
2181	2354	2627
2182	1446	263
2183	293	1768
2184	2901	2199
2185	1227	226
2186	999	1036
2187	2682	2206
2188	1284	276
2189	147	1174
2190	2521	2007
2191	1773	963
2192	380	1085
2193	2000	2141
2194	1017	616
2195	149	1261
2196	2945	2633
2197	1036	472
2198	755	1121
2199	2138	2763
2200	1941	860
2201	819	1477
2202	2827	2208
2203	1213	923
2204	574	1939
2205	2234	2677
2206	1103	957
2207	986	1488
2208	2887	2532
2209	1624	76
2210	62	1685
2211	2429	2481
2212	1766	118
2213	157	1969
2214	2203	2935
2215	1464	451
2216	974	1257
2217	2189	2542
2218	1406	528
2219	621	1673
2220	2468	2933
2221	1457	630
2222	877	1704
2223	2362	2322
2224	1503	231
2225	452	1227
2226	2886	2583
2227	1848	740
2228	184	1175
2229	2055	2952
2230	1944	142
2231	156	1369
2232	2780	2515
2233	1913	723
2234	566	1220
2235	2190	2608
2236	1733	445
2237	439	1685
2238	2658	2723
2239	1902	315
2240	623	1158
2241	2650	2241
2242	1886	19
2243	868	1294
2244	2222	2190
2245	1028	375
2246	996	1836
2247	2872	2348
2248	1892	794
2249	634	1989
2250	2071	2563
2251	1277	49
2252	123	1078
2253	2657	2540
2254	1800	602
2255	860	1645
2256	2014	2293
2257	1701	378
2258	432	1034
2259	2597	2933
2260	1407	356
2261	678	1916
2262	2611	2403
2263	1402	23
2264	198	1180
2265	2878	2773
2266	1961	4
2267	109	1597
2268	2456	2021
2269	1000	30
2270	223	1928
2271	2082	2077
2272	1982	277
2273	994	1237
2274	2541	2488
2275	1311	511
2276	878	1640
2277	2026	2360
2278	1980	392
2279	873	1523
2280	2190	2603
2281	1872	783
2282	520	1352
2283	2899	2942
2284	1458	351
2285	141	1883
2286	2416	2736
2287	1983	972
2288	485	1526
2289	2627	2208
2290	1463	111
2291	658	1227
2292	2744	2124
2293	1872	201
2294	305	1494
2295	2404	2224
2296	1387	933
2297	624	1023
2298	2157	2615
2299	1102	919
2300	514	1746
2301	2300	2207
2302	1852	916
2303	747	1765
2304	2996	2534
2305	1471	136
2306	931	1854
2307	2828	2347
2308	1516	814
2309	597	1326
2310	2680	2002
2311	1934	776
2312	578	1518
2313	2894	2216
2314	1688	81
2315	104	1427
2316	2882	2971
2317	1602	215
2318	346	1137
2319	2565	2350
2320	1959	793
2321	759	1548
2322	2321	2563
2323	1940	174
2324	115	1767
2325	2014	2883
2326	1694	584
2327	609	1730
2328	2245	2517
2329	1966	28
2330	283	1263
2331	2402	2260
2332	1359	295
2333	531	1486
2334	2693	2449
2335	1768	102
2336	271	1000
2337	2677	2772
2338	1655	859
2339	399	1001
2340	2363	2107
2341	1732	827
2342	570	1931
2343	2011	2357
2344	1267	589
2345	925	1819
2346	2081	2072
2347	1409	372
2348	153	1906
2349	2062	2168
2350	1362	591
2351	883	1241
2352	2615	2890
2353	1526	819
2354	27	1943
2355	2833	2858
2356	1990	584
2357	99	1808
2358	2561	2527
2359	1562	770
2360	976	1746
2361	2029	2598
2362	1228	548
2363	459	1452
2364	2576	2840
2365	1360	74
2366	483	1547
2367	2568	2283
2368	1650	847
2369	837	1890
2370	2294	2019
2371	1553	167
2372	387	1405
2373	2097	2375
2374	1740	548
2375	193	1327
2376	2161	2320
2377	1444	220
2378	770	1274
2379	2775	2359
2380	1137	817
2381	319	1934
2382	2557	2469
2383	1436	952
2384	492	1830
2385	2821	2055
2386	1693	373
2387	988	1021
2388	2386	2354
2389	1194	241
2390	68	1128
2391	2244	2170
2392	1932	555
2393	517	1494
2394	2711	2928
2395	1840	721
2396	383	1678
2397	2199	2907
2398	1206	535
2399	361	1560
2400	2446	2551
2401	1089	420
2402	334	1170
2403	2470	2671
2404	1415	908
2405	513	1894
2406	2391	2699
2407	1731	14
2408	727	1648
2409	2410	2652
2410	1849	376
2411	32	1767
2412	2310	2366
2413	1143	672
2414	858	1739
2415	2630	2406
2416	1156	925
2417	253	1242
2418	2588	2236
2419	1057	727
2420	242	1646
2421	2829	2236
2422	1905	305
2423	87	1083
2424	2935	2099
2425	1197	658
2426	405	1767
2427	2824	2511
2428	1973	100
2429	851	1369
2430	2280	2909
2431	1702	827
2432	728	1624
2433	2610	2555
2434	1331	691
2435	245	1905
2436	2498	2309
2437	1377	730
2438	300	1271
2439	2947	2558
2440	1215	481
2441	676	1915
2442	2986	2106
2443	1157	752
2444	509	1723
2445	2876	2579
2446	1948	849
2447	504	1096
2448	2895	2652
2449	1311	657
2450	604	1303
2451	2786	2561
2452	1792	419
2453	804	1036
2454	2794	2338
2455	1324	425
2456	418	1139
2457	2300	2424
2458	1293	62
2459	467	1073
2460	2331	2686
2461	1307	238
2462	483	1012
2463	2639	2020
2464	1972	321
2465	829	1595
2466	2486	2426
2467	1892	843
2468	752	1661
2469	2030	2650
2470	1944	757
2471	561	1553
2472	2371	2355
2473	1698	147
2474	557	1420
2475	2709	2699
2476	1001	304
2477	841	1823
2478	2730	2811
2479	1926	504
2480	388	1436
2481	2857	2467
2482	1953	513
2483	337	1818
2484	2550	2339
2485	1491	849
2486	248	1623
2487	2471	2744
2488	1587	497
2489	626	1111
2490	2352	2786
2491	1080	124
2492	252	1629
2493	2540	2061
2494	1359	624
2495	561	1342
2496	2660	2669
2497	1043	831
2498	54	1591
2499	2663	2358
2500	1087	865
2501	258	1589
2502	2961	2181
2503	1894	204
2504	961	1164
2505	2186	2304
2506	1914	344
2507	455	1213
2508	2356	2615
2509	1308	409
2510	534	1189
2511	2664	2585
2512	1068	237
2513	154	1086
2514	2358	2417
2515	1690	133
2516	496	1805
2517	2996	2791
2518	1716	325
2519	280	1355
2520	2408	2082
2521	1220	9
2522	49	1488
2523	2810	2201
2524	1557	480
2525	222	1712
2526	2827	2256
2527	1316	588
2528	911	1486
2529	2944	2790
2530	1797	736
2531	118	1875
2532	2525	2049
2533	1310	145
2534	70	1663
2535	2065	2919
2536	1185	88
2537	327	1792
2538	2337	2843
2539	1587	524
2540	675	1832
2541	2160	2838
2542	1830	822
2543	775	1071
2544	2579	2102
2545	1858	794
2546	762	1335
2547	2973	2433
2548	1191	216
2549	32	1139
2550	2682	2183
2551	1113	907
2552	707	1491
2553	2535	2491
2554	1479	249
2555	224	1874
2556	2938	2165
2557	1700	177
2558	644	1639
2559	2318	2113
2560	1536	59
2561	213	1697
2562	2282	2337
2563	1820	853
2564	40	1578
2565	2626	2057
2566	1964	86
2567	147	1376
2568	2642	2037
2569	1205	569
2570	12	1996
2571	2974	2811
2572	1289	175
2573	595	1091
2574	2135	2239
2575	1015	654
2576	474	1309
2577	2683	2953
2578	1771	391
2579	314	1420
2580	2336	2914
2581	1205	477
2582	869	1666
2583	2908	2501
2584	1608	153
2585	553	1687
2586	2045	2412
2587	1802	275
2588	496	1239
2589	2177	2677
2590	1775	621
2591	362	1464
2592	2341	2038
2593	1677	381
2594	187	1943
2595	2100	2334
2596	1877	678
2597	589	1787
2598	2238	2744
2599	1717	49
2600	534	1867
2601	2345	2515
2602	1989	400
2603	181	1816
2604	2267	2326
2605	1792	91
2606	312	1418
2607	2556	2938
2608	1053	157
2609	348	1795
2610	2843	2452
2611	1732	295
2612	331	1173
2613	2254	2678
2614	1123	93
2615	121	1091
2616	2986	2393
2617	1823	73
2618	702	1017
2619	2644	2490
2620	1155	961
2621	456	1734
2622	2801	2247
2623	1602	62
2624	290	1862
2625	2811	2175
2626	1511	585
2627	325	1678
2628	2148	2946
2629	1743	447
2630	478	1402
2631	2239	2072
2632	1672	212
2633	355	1737
2634	2364	2564
2635	1528	500
2636	367	1222
2637	2699	2133
2638	1309	692
2639	8	1890
2640	2245	2650
2641	1873	435
2642	574	1313
2643	2129	2069
2644	1388	989
2645	953	1921
2646	2020	2627
2647	1242	437
2648	479	1061
2649	2897	2258
2650	1171	91
2651	226	1617
2652	2863	2852
2653	1067	548
2654	894	1096
2655	2061	2950
2656	1820	50
2657	609	1126
2658	2429	2803
2659	1407	422
2660	481	1916
2661	2948	2841
2662	1160	441
2663	5	1797
2664	2839	2557
2665	1779	839
2666	277	1036
2667	2104	2991
2668	1771	750
2669	674	1750
2670	2567	2732
2671	1935	850
2672	791	1575
2673	2822	2931
2674	1745	600
2675	960	1458
2676	2775	2331
2677	1419	797
2678	712	1027
2679	2152	2486
2680	1048	607
2681	551	1625
2682	2703	2639
2683	1649	891
2684	530	1485
2685	2360	2576
2686	1993	274
2687	197	1374
2688	2421	2164
2689	1453	840
2690	598	1613
2691	2467	2579
2692	1751	690
2693	544	1071
2694	2706	2337
2695	1951	87
2696	642	1821
2697	2142	2927
2698	1121	799
2699	157	1958
2700	2981	2749
2701	1352	439
2702	545	1258
2703	2723	2250
2704	1841	304
2705	181	1282
2706	2210	2767
2707	1630	677
2708	710	1287
2709	2135	2239
2710	1132	766
2711	993	1708
2712	2428	2541
2713	1291	298
2714	724	1326
2715	2608	2771
2716	1956	344
2717	618	1848
2718	2347	2018
2719	1414	11
2720	849	1847
2721	2611	2326
2722	1727	621
2723	451	1011
2724	2952	2480
2725	1281	675
2726	17	1517
2727	2560	2429
2728	1795	532
2729	977	1554
2730	2648	2331
2731	1389	417
2732	577	1259
2733	2247	2797
2734	1968	141
2735	821	1223
2736	2910	2449
2737	1923	744
2738	549	1418
2739	2090	2342
2740	1521	711
2741	62	1766
2742	2557	2812
2743	1854	366
2744	829	1170
2745	2452	2423
2746	1186	910
2747	158	1006
2748	2423	2967
2749	1506	544
2750	354	1204
2751	2700	2472
2752	1524	772
2753	393	1453
2754	2379	2391
2755	1267	706
2756	185	1166
2757	2075	2265
2758	1249	611
2759	381	1730
2760	2573	2166
2761	1798	559
2762	912	1074
2763	2254	2409
2764	1407	914
2765	779	1799
2766	2918	2421
2767	1890	46
2768	954	1711
2769	2484	2480
2770	1180	418
2771	311	1668
2772	2596	2372
2773	1799	549
2774	484	1843
2775	2331	2241
2776	1946	23
2777	507	1213
2778	2204	2137
2779	1413	931
2780	698	1344
2781	2959	2587
2782	1438	273
2783	20	1472
2784	2615	2295
2785	1917	135
2786	403	1471
2787	2175	2630
2788	1191	38
2789	212	1162
2790	2577	2643
2791	1942	46
2792	883	1295
2793	2298	2193
2794	1649	223
2795	291	1142
2796	2984	2687
2797	1514	937
2798	996	1340
2799	2541	2637
2800	1483	331
2801	753	1387
2802	2922	2172
2803	1381	269
2804	637	1892
2805	2775	2592
2806	1250	25
2807	963	1872
2808	2969	2205
2809	1240	230
2810	946	1343
2811	2459	2013
2812	1098	193
2813	85	1030
2814	2948	2905
2815	1070	966
2816	76	1760
2817	2549	2866
2818	1874	424
2819	393	1228
2820	2784	2903
2821	1713	291
2822	922	1597
2823	2770	2271
2824	1508	567
2825	488	1266
2826	2030	2374
2827	1316	383
2828	539	1612
2829	2932	2658
2830	1901	520
2831	355	1240
2832	2234	2739
2833	1496	351
2834	350	1001
2835	2110	2577
2836	1905	228
2837	380	1733
2838	2021	2538
2839	1260	659
2840	267	1959
2841	2372	2229
2842	1291	352
2843	42	1702
2844	2272	2300
2845	1109	853
2846	7	1978
2847	2053	2857
2848	1669	528
2849	345	1909
2850	2837	2829
2851	1839	319
2852	745	1172
2853	2892	2243
2854	1546	403
2855	18	1721
2856	2002	2348
2857	1315	298
2858	689	1523
2859	2579	2826
2860	1188	679
2861	55	1576
2862	2453	2208
2863	1916	690
2864	464	1909
2865	2884	2513
2866	1422	288
2867	496	1139
2868	2368	2434
2869	1121	981
2870	476	1053
2871	2795	2248
2872	1946	187
2873	480	1551
2874	2040	2078
2875	1693	653
2876	301	1452
2877	2563	2852
2878	1039	943
2879	936	1649
2880	2080	2738
2881	1838	635
2882	896	1514
2883	2863	2476
2884	1992	969
2885	859	1548
2886	2348	2723
2887	1312	47
2888	255	1503
2889	2070	2398
2890	1654	485
2891	996	1676
2892	2669	2250
2893	1476	80
2894	421	1306
2895	2808	2784
2896	1729	596
2897	453	1335
2898	2088	2424
2899	1538	655
2900	371	1575
2901	2611	2928
2902	1078	549
2903	748	1992
2904	2537	2101
2905	1037	939
2906	862	1690
2907	2256	2904
2908	1713	371
2909	531	1905
2910	2751	2533
2911	1295	606
2912	123	1683
2913	2856	2004
2914	1820	155
2915	475	1488
2916	2879	2816
2917	1385	0
2918	658	1894
2919	2799	2383
2920	1708	795
2921	563	1816
2922	2181	2881
2923	1979	219
2924	207	1588
2925	2814	2305
2926	1702	14
2927	239	1968
2928	2806	2695
2929	1504	654
2930	507	1216
2931	2013	2798
2932	1342	155
2933	823	1967
2934	2173	2142
2935	1626	309
2936	634	1432
2937	2815	2028
2938	1991	480
2939	845	1223
2940	2400	2935
2941	1096	917
2942	741	1968
2943	2477	2735
2944	1041	733
2945	813	1109
2946	2237	2552
2947	1312	459
2948	851	1490
2949	2091	2439
2950	1103	664
2951	305	1401
2952	2297	2438
2953	1209	137
2954	306	1279
2955	2099	2840
2956	1228	725
2957	982	1340
2958	2208	2107
2959	1318	580
2960	817	1186
2961	2514	2354
2962	1755	183
2963	214	1785
2964	2632	2274
2965	1418	296
2966	999	1949
2967	2627	2773
2968	1966	294
2969	943	1186
2970	2248	2580
2971	1640	158
2972	712	1695
2973	2586	2097
2974	1929	927
2975	394	1872
2976	2421	2602
2977	1020	173
2978	629	1424
2979	2343	2657
2980	1379	664
2981	101	1197
2982	2485	2118
2983	1788	402
2984	964	1114
2985	2103	2288
2986	1544	539
2987	661	1999
2988	2836	2577
2989	1795	609
2990	795	1145
2991	2694	2385
2992	1758	54
2993	153	1427
2994	2235	2066
2995	1644	888
2996	292	1142
2997	2885	2054
2998	1473	74
2999	644	1733
3000	2026	2870
3001	1169	776
3002	411	1609
3003	2256	2838
3004	1780	861
3005	453	1002
3006	2678	2511
3007	1867	776
3008	463	1980
3009	2816	2572
3010	1018	308
3011	702	1566
3012	2254	2162
3013	1918	688
3014	630	1040
3015	2383	2543
3016	1928	747
3017	391	1080
3018	2901	2105
3019	1506	360
3020	495	1942
3021	2590	2262
3022	1132	698
3023	876	1305
3024	2214	2490
3025	1994	481
3026	321	1260
3027	2803	2515
3028	1720	39
3029	674	1512
3030	2840	2137
3031	1772	204
3032	169	1611
3033	2239	2028
3034	1450	743
3035	880	1165
3036	2873	2872
3037	1826	617
3038	60	1947
3039	2740	2925
3040	1014	468
3041	88	1904
3042	2967	2564
3043	1210	455
3044	345	1671
3045	2100	2406
3046	1328	869
3047	573	1356
3048	2614	2848
3049	1339	400
3050	113	1142
3051	2596	2036
3052	1053	29
3053	787	1220
3054	2700	2412
3055	1154	673
3056	23	1852
3057	2631	2607
3058	1332	769
3059	40	1565
3060	2842	2018
3061	1879	638
3062	970	1026
3063	2728	2192
3064	1064	437
3065	601	1632
3066	2265	2935
3067	1910	624
3068	70	1348
3069	2161	2236
3070	1802	449
3071	900	1135
3072	2994	2473
3073	1986	258
3074	918	1972
3075	2138	2745
3076	1357	481
3077	446	1606
3078	2854	2435
3079	1724	126
3080	982	1439
3081	2255	2134
3082	1375	710
3083	74	1895
3084	2162	2397
3085	1840	810
3086	497	1449
3087	2008	2902
3088	1139	294
3089	855	1426
3090	2843	2459
3091	1960	526
3092	95	1796
3093	2844	2669
3094	1030	910
3095	860	1235
3096	2082	2815
3097	1443	209
3098	346	1429
3099	2527	2895
3100	1009	29
3101	247	1202
3102	2692	2417
3103	1685	415
3104	715	1215
3105	2431	2519
3106	1496	294
3107	272	1419
3108	2509	2911
3109	1117	537
3110	967	1353
3111	2462	2568
3112	1284	373
3113	164	1540
3114	2334	2057
3115	1822	482
3116	540	1383
3117	2568	2559
3118	1074	577
3119	856	1124
3120	2645	2481
3121	1211	620
3122	638	1816
3123	2206	2885
3124	1676	637
3125	594	1672
3126	2127	2629
3127	1201	75
3128	640	1910
3129	2359	2623
3130	1570	162
3131	616	1057
3132	2616	2557
3133	1584	436
3134	628	1696
3135	2002	2991
3136	1129	642
3137	470	1567
3138	2606	2313
3139	1636	255
3140	25	1043
3141	2983	2285
3142	1549	951
3143	812	1436
3144	2814	2025
3145	1358	165
3146	647	1424
3147	2850	2943
3148	1266	356
3149	334	1587
3150	2257	2682
3151	1796	610
3152	160	1362
3153	2246	2789
3154	1441	676
3155	291	1142
3156	2420	2774
3157	1261	287
3158	180	1589
3159	2272	2993
3160	1442	952
3161	852	1796
3162	2738	2866
3163	1879	406
3164	892	1503
3165	2614	2522
3166	1720	852
3167	373	1875
3168	2032	2074
3169	1318	350
3170	686	1837
3171	2626	2227
3172	1441	874
3173	888	1353
3174	2476	2755
3175	1113	431
3176	542	1067
3177	2127	2722
3178	1450	627
3179	271	1681
3180	2142	2008
3181	1584	120
3182	714	1340
3183	2672	2618
3184	1031	903
3185	64	1076
3186	2620	2073
3187	1382	568
3188	77	1628
3189	2881	2465
3190	1734	101
3191	395	1771
3192	2847	2009
3193	1009	495
3194	266	1435
3195	2154	2640
3196	1132	790
3197	81	1184
3198	2353	2801
3199	1818	67
3200	165	1877
3201	2773	2077
3202	1134	128
3203	944	1370
3204	2823	2758
3205	1225	768
3206	356	1242
3207	2728	2747
3208	1689	934
3209	691	1961
3210	2527	2599
3211	1849	662
3212	326	1678
3213	2875	2294
3214	1461	107
3215	774	1586
3216	2919	2643
3217	1968	989
3218	373	1581
3219	2281	2121
3220	1240	913
3221	972	1646
3222	2315	2942
3223	1972	287
3224	119	1746
3225	2701	2547
3226	1637	716
3227	335	1297
3228	2581	2802
3229	1913	628
3230	217	1728
3231	2076	2774
3232	1329	651
3233	508	1090
3234	2052	2276
3235	1218	196
3236	444	1685
3237	2137	2369
3238	1979	79
3239	531	1232
3240	2722	2086
3241	1248	544
3242	149	1671
3243	2152	2934
3244	1742	936
3245	639	1510
3246	2313	2884
3247	1055	559
3248	116	1933
3249	2272	2012
3250	1961	394
3251	607	1913
3252	2469	2616
3253	1060	681
3254	519	1298
3255	2312	2110
3256	1603	32
3257	964	1214
3258	2188	2529
3259	1342	319
3260	358	1534
3261	2027	2862
3262	1039	327
3263	423	1612
3264	2549	2158
3265	1073	32
3266	326	1910
3267	2540	2662
3268	1104	650
3269	701	1437
3270	2506	2195
3271	1443	35
3272	641	1178
3273	2589	2685
3274	1910	291
3275	684	1603
3276	2165	2279
3277	1267	378
3278	342	1632
3279	2805	2179
3280	1298	978
3281	812	1071
3282	2609	2825
3283	1468	241
3284	22	1753
3285	2615	2257
3286	1129	34
3287	997	1277
3288	2757	2817
3289	1563	359
3290	334	1163
3291	2054	2071
3292	1600	736
3293	37	1505
3294	2546	2013
3295	1641	223
3296	188	1784
3297	2772	2236
3298	1513	35
3299	168	1990
3300	2740	2625
3301	1340	148
3302	209	1041
3303	2837	2256
3304	1979	706
3305	542	1868
3306	2385	2371
3307	1131	653
3308	814	1991
3309	2195	2350
3310	1094	35
3311	858	1703
3312	2371	2708
3313	1733	700
3314	672	1961
3315	2930	2084
3316	1977	267
3317	89	1613
3318	2605	2592
3319	1130	729
3320	739	1571
3321	2376	2512
3322	1409	813
3323	806	1793
3324	2821	2695
3325	1584	222
3326	848	1361
3327	2866	2889
3328	1946	57
3329	1	1226
3330	2570	2757
3331	1401	155
3332	12	1335
3333	2954	2697
3334	1745	600
3335	565	1314
3336	2117	2672
3337	1617	36
3338	993	1534
3339	2114	2754
3340	1498	885
3341	709	1634
3342	2684	2555
3343	1084	985
3344	30	1685
3345	2852	2274
3346	1887	4
3347	596	1936
3348	2781	2302
3349	1581	981
3350	433	1620
3351	2550	2525
3352	1056	51
3353	172	1610
3354	2195	2372
3355	1455	261
3356	758	1281
3357	2898	2127
3358	1126	774
3359	291	1146
3360	2083	2768
3361	1286	401
3362	322	1622
3363	2050	2166
3364	1996	514
3365	746	1509
3366	2436	2517
3367	1695	880
3368	61	1829
3369	2606	2248
3370	1001	59
3371	736	1393
3372	2504	2544
3373	1098	331
3374	559	1794
3375	2428	2275
3376	1390	532
3377	242	1722
3378	2899	2269
3379	1134	332
3380	611	1990
3381	2229	2904
3382	1497	505
3383	883	1250
3384	2694	2782
3385	1971	239
3386	540	1402
3387	2389	2830
3388	1659	462
3389	18	1354
3390	2348	2582
3391	1482	910
3392	798	1691
3393	2925	2373
3394	1155	910
3395	915	1737
3396	2165	2566
3397	1196	269
3398	217	1815
3399	2658	2890
3400	1451	978
3401	751	1476
3402	2495	2376
3403	1887	400
3404	238	1419
3405	2479	2579
3406	1217	682
3407	421	1744
3408	2266	2588
3409	1977	212
3410	643	1258
3411	2866	2422
3412	1974	705
3413	667	1700
3414	2059	2921
3415	1963	173
3416	38	1841
3417	2503	2912
3418	1592	62
3419	610	1960
3420	2739	2865
3421	1135	273
3422	163	1345
3423	2427	2570
3424	1756	264
3425	494	1172
3426	2508	2217
3427	1037	505
3428	727	1370
3429	2018	2853
3430	1916	894
3431	214	1616
3432	2037	2009
3433	1231	627
3434	754	1503
3435	2293	2090
3436	1855	342
3437	494	1188
3438	2508	2616
3439	1011	245
3440	11	1157
3441	2336	2546
3442	1477	812
3443	388	1426
3444	2647	2349
3445	1319	358
3446	292	1372
3447	2307	2864
3448	1597	608
3449	22	1180
3450	2896	2536
3451	1290	320
3452	775	1487
3453	2718	2755
3454	1440	184
3455	516	1083
3456	2486	2357
3457	1750	635
3458	102	1039
3459	2382	2400
3460	1053	98
3461	146	1820
3462	2041	2762
3463	1023	121
3464	272	1157
3465	2843	2557
3466	1562	280
3467	491	1101
3468	2905	2898
3469	1338	501
3470	606	1344
3471	2998	2594
3472	1425	374
3473	365	1141
3474	2928	2351
3475	1665	347
3476	663	1345
3477	2830	2514
3478	1273	738
3479	147	1598
3480	2521	2156
3481	1025	632
3482	845	1696
3483	2624	2474
3484	1006	294
3485	138	1600
3486	2914	2287
3487	1802	324
3488	682	1874
3489	2930	2986
3490	1060	649
3491	712	1428
3492	2254	2031
3493	1143	852
3494	356	1779
3495	2965	2969
3496	1283	432
3497	960	1238
3498	2517	2064
3499	1151	565
3500	21	1003
3501	2048	2421
3502	1845	496
3503	938	1684
3504	2160	2151
3505	1905	961
3506	300	1553
3507	2464	2577
3508	1223	466
3509	43	1487
3510	2128	2853
3511	1769	470
3512	511	1693
3513	2603	2193
3514	1801	129
3515	768	1718
3516	2587	2088
3517	1002	448
3518	104	1150
3519	2898	2232
3520	1727	217
3521	134	1279
3522	2647	2286
3523	1873	953
3524	714	1958
3525	2671	2778
3526	1081	129
3527	112	1554
3528	2188	2844
3529	1786	765
3530	303	1668
3531	2543	2610
3532	1328	101
3533	402	1235
3534	2670	2540
3535	1181	894
3536	683	1729
3537	2575	2295
3538	1023	67
3539	548	1923
3540	2181	2821
3541	1073	449
3542	718	1097
3543	2136	2828
3544	1356	937
3545	4	1252
3546	2204	2463
3547	1697	862
3548	55	1545
3549	2069	2453
3550	1739	269
3551	465	1081
3552	2859	2039
3553	1489	551
3554	757	1118
3555	2720	2022
3556	1003	768
3557	816	1063
3558	2077	2580
3559	1042	883
3560	985	1178
3561	2836	2595
3562	1426	714
3563	542	1643
3564	2430	2280
3565	1837	761
3566	813	1543
3567	2404	2138
3568	1887	524
3569	826	1996
3570	2485	2782
3571	1624	92
3572	514	1804
3573	2995	2078
3574	1823	492
3575	921	1045
3576	2597	2926
3577	1986	529
3578	741	1374
3579	2830	2454
3580	1024	161
3581	556	1270
3582	2550	2681
3583	1764	88
3584	492	1945
3585	2664	2536
3586	1114	429
3587	608	1795
3588	2253	2999
3589	1235	693
3590	933	1850
3591	2447	2687
3592	1825	689
3593	690	1980
3594	2315	2975
3595	1303	481
3596	126	1740
3597	2739	2335
3598	1060	15
3599	677	1831
3600	2970	2216
3601	1234	740
3602	25	1568
3603	2284	2399
3604	1983	676
3605	897	1520
3606	2028	2322
3607	1536	191
3608	14	1930
3609	2631	2913
3610	1926	922
3611	790	1022
3612	2486	2082
3613	1794	454
3614	346	1694
3615	2774	2166
3616	1125	136
3617	460	1415
3618	2948	2822
3619	1524	567
3620	564	1158
3621	2956	2286
3622	1558	792
3623	567	1644
3624	2247	2491
3625	1597	820
3626	247	1935
3627	2432	2051
3628	1433	666
3629	567	1877
3630	2874	2643
3631	1314	337
3632	285	1556
3633	2342	2737
3634	1104	443
3635	551	1447
3636	2029	2809
3637	1497	679
3638	659	1000
3639	2950	2703
3640	1187	106
3641	942	1128
3642	2354	2262
3643	1817	846
3644	888	1774
3645	2649	2249
3646	1469	372
3647	101	1601
3648	2788	2247
3649	1582	206
3650	633	1113
3651	2167	2828
3652	1816	575
3653	673	1009
3654	2412	2409
3655	1201	160
3656	664	1218
3657	2218	2735
3658	1587	768
3659	728	1402
3660	2415	2978
3661	1944	347
3662	835	1069
3663	2214	2230
3664	1373	163
3665	353	1380
3666	2503	2151
3667	1399	0
3668	29	1805
3669	2009	2213
3670	1414	742
3671	183	1641
3672	2110	2755
3673	1245	243
3674	112	1656
3675	2886	2401
3676	1780	968
3677	720	1273
3678	2322	2381
3679	1673	820
3680	335	1456
3681	2379	2111
3682	1191	23
3683	961	1596
3684	2062	2751
3685	1958	501
3686	928	1918
3687	2860	2566
3688	1535	681
3689	157	1505
3690	2277	2326
3691	1855	611
3692	783	1948
3693	2898	2627
3694	1026	683
3695	934	1077
3696	2359	2256
3697	1894	352
3698	810	1692
3699	2098	2037
3700	1987	161
3701	139	1597
3702	2368	2349
3703	1290	892
3704	337	1495
3705	2655	2300
3706	1231	511
3707	585	1552
3708	2925	2880
3709	1947	265
3710	850	1487
3711	2750	2390
3712	1344	153
3713	998	1074
3714	2790	2358
3715	1866	913
3716	86	1505
3717	2932	2596
3718	1449	492
3719	315	1691
3720	2127	2519
3721	1507	489
3722	64	1966
3723	2376	2227
3724	1037	205
3725	738	1084
3726	2618	2124
3727	1751	693
3728	425	1152
3729	2422	2100
3730	1363	578
3731	693	1817
3732	2140	2555
3733	1115	877
3734	242	1776
3735	2674	2317
3736	1599	650
3737	273	1613
3738	2049	2646
3739	1117	674
3740	946	1556
3741	2216	2874
3742	1386	948
3743	953	1637
3744	2659	2578
3745	1760	206
3746	637	1634
3747	2097	2033
3748	1952	856
3749	984	1047
3750	2966	2234
3751	1268	73
3752	751	1317
3753	2163	2452
3754	1882	452
3755	531	1244
3756	2162	2933
3757	1386	374
3758	95	1244
3759	2912	2936
3760	1525	234
3761	148	1992
3762	2835	2739
3763	1337	660
3764	967	1245
3765	2705	2351
3766	1757	637
3767	341	1933
3768	2436	2915
3769	1944	254
3770	504	1942
3771	2321	2239
3772	1866	344
3773	327	1707
3774	2062	2468
3775	1025	237
3776	86	1636
3777	2725	2168
3778	1340	334
3779	632	1522
3780	2985	2151
3781	1635	910
3782	971	1566
3783	2943	2286
3784	1436	645
3785	670	1465
3786	2851	2718
3787	1148	364
3788	617	1132
3789	2888	2093
3790	1140	823
3791	337	1973
3792	2228	2302
3793	1463	111
3794	101	1983
3795	2768	2154
3796	1421	146
3797	584	1786
3798	2329	2925
3799	1479	870
3800	35	1942
3801	2031	2709
3802	1049	456
3803	430	1727
3804	2171	2310
3805	1492	186
3806	238	1838
3807	2588	2145
3808	1477	639
3809	529	1430
3810	2582	2652
3811	1644	744
3812	743	1777
3813	2704	2527
3814	1555	32
3815	514	1843
3816	2213	2340
3817	1487	742
3818	126	1206
3819	2783	2878
3820	1119	775
3821	564	1650
3822	2633	2668
3823	1144	812
3824	353	1522
3825	2516	2183
3826	1377	851
3827	779	1369
3828	2909	2223
3829	1989	604
3830	596	1595
3831	2474	2241
3832	1460	498
3833	124	1735
3834	2679	2089
3835	1471	758
3836	67	1490
3837	2665	2233
3838	1263	103
3839	75	1810
3840	2250	2042
3841	1713	608
3842	704	1920
3843	2170	2652
3844	1740	35
3845	294	1030
3846	2047	2941
3847	1383	683
3848	305	1130
3849	2344	2849
3850	1183	484
3851	521	1334
3852	2417	2662
3853	1949	463
3854	729	1402
3855	2633	2971
3856	1559	150
3857	240	1510
3858	2913	2727
3859	1783	237
3860	597	1368
3861	2910	2641
3862	1454	375
3863	52	1664
3864	2122	2019
3865	1640	863
3866	41	1099
3867	2499	2947
3868	1822	27
3869	656	1465
3870	2998	2804
3871	1963	690
3872	820	1710
3873	2744	2726
3874	1952	692
3875	667	1689
3876	2909	2482
3877	1765	577
3878	136	1777
3879	2001	2843
3880	1811	739
3881	310	1985
3882	2473	2548
3883	1487	602
3884	908	1031
3885	2031	2827
3886	1550	828
3887	448	1125
3888	2360	2540
3889	1555	965
3890	508	1590
3891	2026	2611
3892	1067	162
3893	606	1194
3894	2715	2638
3895	1846	716
3896	195	1875
3897	2480	2597
3898	1514	128
3899	832	1157
3900	2065	2226
3901	1604	866
3902	866	1734
3903	2330	2302
3904	1299	324
3905	17	1817
3906	2943	2293
3907	1381	593
3908	720	1740
3909	2412	2323
3910	1249	396
3911	177	1340
3912	2930	2465
3913	1347	246
3914	865	1559
3915	2932	2236
3916	1816	220
3917	709	1651
3918	2474	2398
3919	1889	488
3920	79	1766
3921	2635	2887
3922	1496	592
3923	675	1991
3924	2949	2797
3925	1836	64
3926	261	1547
3927	2463	2052
3928	1700	968
3929	185	1845
3930	2243	2244
3931	1346	795
3932	165	1145
3933	2328	2498
3934	1511	30
3935	706	1661
3936	2316	2394
3937	1877	650
3938	711	1358
3939	2508	2151
3940	1826	655
3941	187	1090
3942	2932	2875
3943	1806	595
3944	576	1274
3945	2002	2018
3946	1856	494
3947	583	1221
3948	2094	2525
3949	1944	486
3950	254	1758
3951	2186	2129
3952	1169	207
3953	385	1488
3954	2291	2099
3955	1156	978
3956	613	1265
3957	2651	2985
3958	1655	728
3959	66	1670
3960	2924	2773
3961	1369	986
3962	550	1331
3963	2363	2338
3964	1453	791
3965	516	1683
3966	2642	2289
3967	1921	490
3968	458	1501
3969	2034	2983
3970	1406	703
3971	606	1485
3972	2732	2204
3973	1123	226
3974	90	1090
3975	2607	2275
3976	1291	383
3977	604	1552
3978	2569	2147
3979	1066	410
3980	904	1254
3981	2130	2573
3982	1416	132
3983	816	1673
3984	2035	2761
3985	1134	585
3986	421	1595
3987	2431	2425
3988	1666	506
3989	321	1697
3990	2864	2281
3991	1926	483
3992	101	1486
3993	2411	2459
3994	1757	361
3995	6	1462
3996	2805	2044
3997	1923	478
3998	619	1956
3999	2851	2339
